1000
1 461
1 999
1 608
1 751
1 736
1 277
1 575
1 910
6 757 490 325 240 459 340
1 414
1 413
2 966 160
6 861 864 887 901 977 435
1 514
1 33
1 718
1 878
1 409
1 616
4 324 59 867 986
2 900 109
5 164 985 241 721 675
3 171 428 146
1 328
1 950
1 564
2 828 605
2 671 381
1 228
4 486 332 627 613
2 527 364
1 110
2 722 865
3 169 14 516
1 451
1 116
1 952
1 344
1 173
2 202 138
3 198 62 122
1 847
1 698
3 888 375 760
1 736
1 170
5 390 676 815 911 877
4 997 399 227 372
1 955
1 495
1 264
2 261 390
1 279
1 935
1 353
1 388
1 624
1 772
1 845
1 19
4 525 154 960 346
1 889
1 40
1 681
1 858
1 202
3 330 443 110
1 757
4 479 953 698 886
4 111 924 633 464
1 915
1 578
1 634
1 306
3 202 563 204
1 639
1 186
1 97
1 304
3 414 334 823
2 355 874
2 881 438
2 950 855
1 628
3 198 991 167
2 451 404
3 88 739 515
1 256
5 393 962 86 467 572
1 157
3 589 351 825
1 972
1 983
2 995 725
1 621
1 889
1 121
4 672 324 77 862
3 777 345 684
1 164
1 524
2 797 121
1 387
1 507
6 444 267 966 689 549 410
1 568
1 153
3 392 274 276
3 501 416 904
1 20
2 66 31
10 235 337 643 69 330 734 931 545 968 753
2 152 434
2 463 851
2 685 821
6 676 759 704 546 836 982
3 968 35 752
2 689 833
3 199 287 306
3 607 941 947
1 271
4 101 949 909 96
3 40 794 773
1 141
5 845 478 184 992 852
1 349
2 130 651
3 448 834 504
1 151
2 171 965
2 565 126
3 755 284 682
1 830
2 969 370
2 881 983
1 890
1 630
1 334
2 39 932
3 777 251 482
1 241
4 609 335 123 612
3 956 622 386
3 864 506 487
5 193 590 463 564 628
3 627 446 884
4 22 244 817 402
2 590 268
3 261 279 513
1 995
2 616 623
4 609 694 933 128
3 347 112 415
3 741 106 952
3 60 890 939
1 197
2 533 970
2 193 89
3 815 491 995
2 749 849
1 11
1 720
1 678
6 577 406 898 586 576 534
5 672 407 21 899 99
1 474
1 946
1 84
3 456 625 596
9 777 473 170 589 33 945 616 281 735
4 169 347 658 45
6 757 129 384 803 469 22
2 918 211
4 997 639 271 38
1 651
1 924
2 537 649
1 725
1 179
8 451 207 955 685 178 470 796 998
1 850
1 722
1 490
2 906 270
1 124
1 561
2 838 76
3 967 357 320
3 193 472 718
2 625 389
1 816
1 230
1 736
4 144 917 157 188
1 222
1 467
1 345
2 705 155
5 861 222 84 40 626
3 305 118 793
1 774
1 865
7 943 765 583 74 39 542 65
1 602
3 74 265 618
1 390
2 606 948
6 179 606 740 813 994 286
1 754
1 375
1 922
2 172 216
1 978
1 611
1 606
2 414 604
1 211
3 223 761 954
1 555
1 403
2 278 344
1 563
4 198 500 579 194
2 711 217
3 486 444 550
1 337
1 611
3 47 854 538
4 700 363 237 28
1 691
2 503 191
3 583 510 747
1 803
3 337 723 961
1 465
6 264 393 111 573 845 529
1 797
2 228 377
1 742
1 704
1 8
3 21 140 708
1 958
3 473 301 569
2 146 593
2 354 561
1 715
2 611 978
1 823
2 681 644
2 850 298
2 139 907
1 425
2 500 937
1 481
1 414
5 571 673 908 754 87
2 388 705
2 946 641
1 766
2 479 981
6 672 51 452 148 474 319
2 740 923
1 452
4 235 50 619 331
1 204
1 718
1 104
1 147
1 377
1 183
2 173 120
2 700 421
1 590
1 107
2 724 885
1 107
2 643 5
3 489 726 220
3 148 518 52
1 943
2 169 465
1 764
1 664
1 131
3 777 353 728
1 207
1 118
1 485
3 337 338 376
2 498 868
1 304
2 999 696
1 876
2 799 973
1 369
2 418 342
1 643
1 250
1 906
2 604 460
1 243
1 845
1 458
3 950 291 78
3 337 199 352
2 118 73
2 670 610
1 637
2 748 541
1 790
1 414
5 330 980 373 409 418
1 575
1 844
1 729
1 628
3 393 681 906
1 707
1 261
1 187
1 857
2 890 919
5 853 755 524 951 608
3 97 832 19
1 8
2 553 548
1 946
8 972 860 749 688 634 910 635 23
2 378 462
3 111 312 66
1 264
3 29 988 712
3 853 686 921
2 79 137
2 141 657
2 490 843
8 111 414 669 233 225 305 289 349
2 289 638
1 533
1 8
1 974
1 296
1 771
2 220 37
2 98 196
1 60
2 170 152
1 622
2 337 125
2 508 640
4 90 355 678 527
1 305
3 285 719 54
2 975 245
3 351 80 661
1 963
2 187 873
1 934
1 695
2 495 846
3 421 701 819
2 454 914
2 228 732
1 30
1 385
1 724
1 382
1 724
2 907 295
1 133
1 748
1 47
3 312 847 543
2 503 436
2 43 209
1 289
3 237 750 269
4 590 816 329 918
1 813
2 585 876
1 27
3 425 433 367
3 545 772 450
3 171 530 880
2 888 365
1 142
3 788 453 102
4 917 257 55 731
1 189
8 51 46 205 485 853 571 666 620
1 661
3 533 107 756
5 235 894 88 317 820
2 971 578
1 844
1 803
1 736
1 677
1 47
3 875 916 690
2 744 413
1 146
2 897 219
2 85 812
1 734
4 163 828 822 624
3 164 972 448
1 934
2 312 17
1 104
1 566
3 985 930 580
2 401 10
7 337 742 311 215 79 9 255
1 152
1 108
1 820
3 312 804 296
1 755
2 905 567
2 272 361
2 898 540
3 943 674 706
2 518 800
4 943 382 252 559
1 792
1 713
2 22 883
1 815
2 905 746
1 554
1 695
1 382
2 112 632
1 12
1 374
1 894
1 81
1 689
1 617
1 861
1 735
1 66
5 224 104 751 838 584
3 492 869 902
2 145 946
2 757 844
2 407 127
1 945
1 383
6 179 850 741 34 85 841
3 261 263 859
1 387
3 803 362 693
1 980
3 672 168 875
1 953
4 741 514 303 655
1 8
1 300
2 944 0
2 329 574
5 144 602 601 645 113
1 69
2 281 234
1 652
2 88 195
1 844
1 171
1 179
1 618
2 188 964
5 169 243 665 599 837
2 261 165
1 554
1 670
1 611
1 124
3 499 68 260
1 964
2 917 254
2 139 989
1 790
1 678
4 390 971 744 288
4 224 29 881 557
1 143
2 860 912
4 700 975 278 900
5 8 662 182 791 336
3 158 714 733
2 627 445
1 503
1 590
3 607 49 360
1 591
1 519
2 658 290
3 589 479 926
3 222 253 882
2 934 108
1 897
5 803 374 866 230 493
1 127
1 830
1 143
2 963 103
2 571 350
5 757 997 889 535 895
2 231 768
2 750 870
1 865
1 148
3 458 528 13
2 86 554
2 33 603
1 831
4 279 531 424 587
2 897 497
1 762
1 937
1 704
1 925
2 323 100
2 894 60
1 554
2 351 30
2 514 888
1 235
2 384 650
1 518
1 997
5 627 392 925 339 156
1 163
2 509 648
1 824
2 585 176
1 227
1 724
2 422 677
1 309
1 202
1 373
1 796
2 111 383
2 115 824
1 894
1 326
1 104
4 224 857 974 872
2 686 558
1 689
2 972 326
4 515 475 431 526
2 937 218
1 974
2 486 758
1 551
2 425 940
1 941
2 245 185
1 997
2 74 221
4 144 766 778 25
2 788 130
2 847 411
1 420
3 955 105 597
1 243
2 685 609
3 390 256 508
2 88 762
1 235
1 462
3 601 313 6
1 163
3 736 163 600
2 394 71
1 222
1 412
1 955
3 995 993 781
2 202 231
1 444
3 917 380 537
2 163 879
1 518
1 894
3 169 499 90
7 144 378 861 273 897 494 147
2 990 496
2 678 660
1 244
1 922
1 899
1 168
1 568
1 929
1 473
1 577
2 463 575
5 463 782 630 913 203
1 516
2 215 300
2 26 785
5 207 934 979 206 214
3 815 495 119
2 323 2
3 570 141 151
1 307
5 676 477 226 247 213
1 141
1 29
1 898
1 719
3 169 18 150
2 627 440
2 204 471
1 264
2 390 920
2 724 94
2 142 348
1 150
2 406 56
2 168 189
1 198
8 29 533 935 145 990 617 492 829
3 144 316 83
1 715
2 602 136
1 938
1 434
2 69 695
2 328 72
1 328
1 932
3 945 697 308
1 338
2 173 75
1 350
1 258
2 755 801
6 111 277 999 671 668 297
1 249
5 463 788 893 717 826
1 958
1 878
1 535
1 176
1 530
2 126 174
2 741 466
1 907
1 786
1 458
1 926
1 335
3 170 498 790
1 693
1 592
2 355 391
2 490 710
1 898
2 844 283
1 473
1 390
1 922
1 643
1 337
3 864 307 476
2 643 27
5 261 164 456 97 808
1 256
1 423
1 21
4 46 611 115 687
2 540 398
4 351 592 484 162
1 710
1 820
4 317 249 63 927
1 131
1 807
1 98
4 179 570 922 114
2 333 551
1 676
1 328
4 104 117 552 439
1 400
2 894 229
2 767 840
2 454 659
1 151
5 633 956 891 432 359
1 292
1 637
2 68 42
2 741 709
5 489 272 228 818 905
2 361 798
1 935
3 950 783 763
4 115 795 239 522
2 257 197
1 423
2 955 318
1 241
1 699
2 662 679
2 988 223
2 332 797
2 990 427
2 491 936
3 997 246 629
2 831 892
1 645
3 188 266 15
2 353 615
2 938 161
1 21
3 818 32 181
1 233
6 742 621 366 275 368 539
2 93 177
1 278
1 819
1 285
3 782 780 315
2 759 839
1 388
1 363
1 491
2 111 405
2 169 442
8 894 577 799 192 44 397 4 814
1 897
1 984
1 86
3 207 984 262
5 451 699 153 458 652
4 414 771 724 238
1 825
2 485 401
1 938
1 430
1 231
3 924 309 371
3 328 827 159
2 377 511
4 444 774 3 787
1 116
1 111
2 256 208
5 323 419 131 642 848
1 392
6 8 171 509 963 67 447
1 557
2 115 730
1 43
2 217 807
2 572 520
1 703
2 992 282
2 202 958
2 564 259
2 971 692
1 510
1 881
1 898
2 742 343
2 383 57
1 122
2 751 200
1 912
1 878
5 169 139 98 285 789
1 564
1 985
1 729
1 582
2 602 729
1 703
1 953
1 605
2 853 654
1 751
3 645 387 565
1 777
3 658 483 310
2 490 810
3 926 987 426
1 199
1 122
1 704
2 179 544
3 712 236 101
1 701
2 736 294
1 424
1 642
1 808
5 171 396 454 503 232
1 418
1 907
1 977
2 761 683
2 672 802
1 991
1 791
1 820
1 404
2 207 379
1 736
4 46 158 607 429
3 378 190 863
1 146
3 700 722 842
2 361 727
5 393 417 811 896 680
2 114 928
1 406
2 79 248
2 546 536
2 90 743
1 645
1 749
2 406 26
1 627
3 926 505 132
3 850 716 517
1 324
1 117
1 127
1 924
1 115
1 473
2 444 186
1 730
1 692
1 451
1 818
1 336
5 447 395 664 468 314
4 235 58 124 302
1 360
4 373 566 856 41
1 755
1 159
4 451 831 250 180
1 113
1 124
5 390 943 323 333 786
1 227
1 82
1 847
2 550 321
2 888 64
1 452
2 328 488
5 590 198 12 967 441
1 97
1 816
3 12 670 143
3 32 512 201
1 503
1 19
1 290
1 445
1 511
1 935
1 550
1 357
1 80
2 456 400
2 380 293
1 46
4 908 16 776 647
1 586
1 384
4 486 81 134 769
1 500
1 428
1 145
1 275
1 68
1 12
4 528 43 385 858
3 509 95 61
4 154 135 322 959
1 695
1 716
1 645
8 393 736 950 525 691 437 547 588
1 509
1 820
5 590 737 519 403 502
5 163 770 663 422 614
2 164 595
2 489 20
1 12
1 445
1 941
1 108
3 700 420 430
3 317 183 299
5 251 969 369 805 653
3 256 878 957
1 121
2 328 7
1 46
2 488 775
1 602
1 362
2 984 70
1 400
4 193 585 388 481
2 378 172
1 322
1 620
1 333
4 685 594 210 667
1 262
4 69 748 175 835
2 533 523
4 499 792 830 656
1 681
1 821
3 976 996 598
1 412
1 111
2 138 636
1 151
4 606 358 501 408
4 627 702 53 871
1 714
3 253 555 521
4 990 745 720 631
1 154
1 559
3 119 903 560
1 956
5 853 202 280 425 423
2 950 461
3 169 637 449
4 446 166 258 327
1 119
1 206
1 121
6 894 82 703 304 944 24
1 323
2 153 36
3 68 784 457
1 217
5 179 48 707 568 581
3 695 142 942
1 908
3 765 646 242
1 890
1 60
1 233
1 88
3 757 507 356
2 472 480
1 129
2 104 11
2 861 187
2 111 116
2 907 133
1 156
4 485 976 394 767
4 407 91 328 553
1 294
3 550 556 341
2 489 354
2 971 929
2 12 806
2 247 212
1 606
2 312 455
1 260
1 115
2 134 92
3 740 738 915
3 21 412 779
1 19
1 792
2 332 711
1 482
4 627 591 938 713
2 84 809
2 124 764
1 582
1 207
4 158 149 582 93
1 929
6 509 47 562 173 715 532
1 179
3 643 292 1