1000
2 206 957
2 859 744
1 814
3 160 886 550
6 360 224 840 378 994 918
3 292 281 841
1 689
1 108
1 222
2 642 875
6 324 155 45 760 962 445
1 719
2 538 559
4 989 755 169 314
1 551
1 80
3 684 164 468
1 34
2 600 461
2 565 168
8 517 577 323 459 808 527 448 201
1 752
2 131 829
1 448
1 127
2 792 763
1 50
3 295 743 725
1 398
1 524
1 601
1 418
2 675 403
1 978
5 654 855 17 375 764
2 511 726
3 258 925 778
1 918
3 669 494 133
5 157 615 102 236 222
1 802
1 553
1 292
2 323 636
3 633 622 879
4 10 414 54 802
2 313 659
1 510
1 665
2 380 849
2 994 26
2 450 149
1 494
2 632 194
2 45 288
3 292 299 866
1 511
2 730 984
3 689 993 796
2 768 593
1 439
1 441
2 509 427
4 459 971 386 964
5 164 556 851 691 648
1 80
2 713 850
1 315
1 214
2 521 402
1 173
1 940
1 402
2 121 906
1 888
3 712 603 562
1 766
4 566 560 991 287
2 579 317
4 982 292 812 944
3 801 65 15
1 258
2 289 680
1 405
1 555
1 836
2 702 561
1 402
2 354 872
1 163
1 428
1 269
2 767 618
2 951 711
1 103
1 946
1 117
1 834
4 963 972 167 408
2 368 361
6 600 362 698 307 510 154
2 435 233
6 39 700 983 895 313 329
4 928 423 635 94
4 826 940 449 679
1 773
1 193
3 294 526 605
4 157 453 7 226
2 565 586
1 696
1 238
2 979 363
1 733
1 641
2 725 486
3 745 951 619
3 278 96 358
2 195 179
2 734 645
7 928 191 601 981 360 748 174
3 466 73 688
2 474 139
1 985
2 679 147
1 684
1 381
4 787 496 473 24
1 260
1 832
1 302
2 643 22
1 465
2 38 637
1 691
1 966
1 877
2 734 569
1 973
2 122 959
1 983
2 317 483
2 603 143
1 142
1 371
2 819 284
1 808
1 124
3 411 702 348
1 51
1 660
2 600 549
1 211
2 643 203
2 100 241
3 10 404 445
1 939
7 39 611 334 600 723 108 401
2 566 820
1 230
4 734 3 652 429
1 967
3 697 380 472
2 864 89
2 16 64
1 436
1 872
1 98
1 19
3 13 460 433
1 179
1 741
3 521 786 660
4 727 508 746 70
1 120
1 199
1 598
1 883
1 303
4 118 853 555 170
2 957 440
6 973 734 877 884 409 474
3 199 890 668
4 878 528 674 683
2 195 828
3 706 464 374
2 211 357
2 871 568
1 197
1 509
1 638
4 120 278 247 319
2 670 627
2 462 106
1 53
4 854 118 721 184
3 310 720 229
2 719 188
3 477 492 717
3 523 182 175
5 928 974 644 364 542
2 20 899
1 403
2 153 651
1 630
3 743 952 301
5 733 0 452 279 793
1 730
2 422 832
2 895 584
1 495
5 365 946 186 687 152
1 388
1 926
3 944 68 609
1 269
1 714
1 224
1 652
1 619
1 362
2 721 436
2 39 8
5 834 399 771 930 500
3 4 217 792
2 815 617
1 108
1 335
1 448
2 196 540
6 269 738 554 818 159 827
1 365
1 551
2 101 537
2 654 781
3 826 458 591
3 39 325 245
1 610
2 368 111
2 278 995
1 630
2 359 154
2 313 800
1 843
1 815
3 236 965 302
2 615 413
3 191 535 391
2 813 900
1 933
2 260 976
2 634 318
1 692
1 318
1 300
1 278
2 369 454
1 408
5 273 36 546 382 81
1 787
3 555 128 250
1 311
1 349
1 273
2 305 823
2 369 736
3 830 432 762
2 281 706
1 938
7 481 230 506 215 352 91 537
2 421 836
1 886
1 851
5 338 258 462 263 821
1 912
2 428 694
4 436 757 415 685
1 677
5 191 239 574 117 255
1 206
1 526
4 5 267 579 575
1 513
2 538 753
1 145
2 727 406
2 310 519
1 77
2 54 572
3 963 628 82
1 733
1 974
5 79 675 5 42 55
3 309 354 484
2 311 107
5 642 27 533 566 693
1 839
2 447 898
2 813 553
1 55
2 714 254
1 205
2 245 130
2 394 178
2 628 393
2 788 264
1 786
1 100
1 671
3 689 293 392
6 324 196 523 286 862 922
6 734 294 261 787 701 902
2 684 463
3 102 46 242
1 13
5 601 904 534 67 857
2 518 350
2 78 141
2 251 253
1 191
1 967
1 738
5 592 625 759 490 448
3 20 825 43
6 411 310 551 10 450 418
1 236
3 546 794 703
2 428 979
1 755
1 102
2 553 665
1 725
1 887
1 948
4 157 810 538 544
2 983 227
2 778 739
1 692
5 365 273 975 425 501
1 608
1 955
1 758
1 718
2 734 844
1 380
2 521 747
1 409
1 524
2 148 478
2 459 262
2 316 732
1 497
1 269
1 420
3 293 88 419
1 707
2 435 597
1 186
2 117 596
5 700 722 662 241 897
3 120 4 398
1 99
2 100 220
1 112
1 200
5 727 338 211 231 563
2 859 681
1 771
3 475 238 99
3 725 265 256
1 565
2 376 144
1 975
1 902
1 185
1 34
3 730 956 371
1 652
1 4
1 502
5 162 49 344 968 558
5 982 707 405 589 126
1 258
2 569 434
2 727 935
1 697
1 63
1 699
2 470 212
3 700 942 641
1 967
1 247
2 309 669
1 304
6 548 967 303 493 858 978
1 812
1 862
1 889
2 360 28
2 223 958
2 497 536
2 157 985
3 69 87 72
2 32 202
2 155 497
2 381 83
1 285
1 537
2 98 257
3 181 670 346
1 544
3 148 324 887
2 435 932
1 246
1 45
1 276
1 497
1 940
2 324 31
1 354
2 938 353
3 467 270 947
3 560 716 208
1 103
2 834 545
1 338
1 530
1 62
5 519 327 868 275 90
1 160
1 848
2 738 937
3 266 933 489
1 169
1 383
5 101 517 412 705 356
7 948 770 276 799 165 828 221
2 904 999
3 815 548 677
2 514 60
1 180
2 809 61
2 496 699
1 567
2 707 893
2 155 10
2 904 835
3 548 297 749
5 20 23 228 803 322
1 104
3 324 756 51
1 771
1 206
2 108 515
1 256
2 669 907
1 670
2 470 774
1 235
4 20 592 63 349
1 169
1 18
3 273 193 929
1 312
1 185
3 868 477 132
6 983 814 813 121 839 498
3 784 421 751
1 16
1 501
5 754 457 388 784 740
2 496 852
1 162
1 127
2 181 122
2 844 368
2 487 581
3 465 198 936
3 348 888 690
1 541
1 962
4 517 788 269 676
1 839
1 141
1 293
1 870
1 115
2 577 476
1 733
1 432
1 322
1 948
2 198 765
2 394 499
2 38 52
2 509 210
3 127 442 471
6 404 903 400 798 351 416
2 466 607
2 493 682
1 223
3 338 469 795
3 750 379 525
1 616
1 825
2 611 724
5 269 742 620 970 998
3 878 848 664
3 173 969 846
6 969 943 62 495 939 189
3 100 658 47
3 955 35 56
1 725
2 584 282
2 734 439
1 453
1 825
4 435 20 481 666
3 702 316 842
2 286 428
2 991 860
5 684 172 741 69 345
1 815
2 310 199
3 909 347 29
1 502
2 107 280
2 20 941
3 183 719 672
1 613
2 810 426
1 676
3 752 695 865
3 295 767 604
1 315
2 247 590
1 400
4 233 407 953 269
4 334 12 283 580
1 825
1 229
2 785 479
2 901 200
3 752 744 624
3 334 912 410
1 424
3 258 938 326
1 669
5 438 394 638 447 777
1 151
1 3
4 324 232 880 14
2 671 905
5 298 977 881 41 330
1 230
4 179 84 578 260
1 64
1 669
2 380 951
1 12
2 77 422
1 86
1 75
1 365
1 977
5 649 109 370 19 996
5 295 963 77 158 570
4 884 894 773 443
1 187
2 137 383
1 566
2 862 631
1 288
1 901
1 278
2 281 819
1 578
2 20 487
2 555 576
5 281 758 769 78 961
1 538
1 476
1 878
2 906 916
3 209 859 513
2 843 803
1 109
1 973
1 655
1 381
1 535
1 235
4 459 667 713 322
1 59
1 963
1 790
1 358
1 356
2 810 176
1 989
5 157 18 712 100 151
3 120 315 30
1 632
4 75 790 142 885
1 533
1 107
1 746
1 498
3 846 339 709
1 214
2 887 237
3 157 505 917
1 877
2 895 529
1 877
5 39 689 834 246 654
2 680 503
2 225 923
1 92
2 116 219
1 506
1 716
1 44
1 766
2 543 715
1 322
1 756
1 192
3 289 304 634
1 884
3 745 204 240
1 571
3 752 53 602
3 973 684 44
3 628 737 251
1 103
1 43
1 133
2 548 190
1 917
1 816
2 389 114
5 295 815 727 714 9
4 902 153 776 131
1 200
1 119
2 963 656
2 848 791
1 64
3 725 565 735
2 698 779
1 203
3 160 377 218
1 727
3 615 34 234
2 924 588
1 646
1 692
1 510
1 46
2 172 150
1 713
1 359
1 714
1 507
2 330 48
1 517
1 592
1 182
5 392 455 547 557 38
3 409 192 456
3 854 552 308
1 528
1 779
1 183
2 292 32
3 481 531 899
2 438 277
1 815
2 104 124
2 82 616
1 366
1 499
1 183
5 633 521 312 16 125
1 276
1 860
1 211
1 121
4 615 309 58 6
1 478
3 64 134 960
4 730 657 337 252
1 295
2 275 919
2 532 824
1 110
3 982 162 385
3 100 650 845
2 442 387
3 102 389 359
1 311
4 148 518 785 86
1 326
1 809
1 435
3 267 783 185
4 381 444 355 816
1 976
1 608
3 785 913 867
1 93
2 600 75
3 592 661 66
6 642 754 300 663 216 986
1 624
3 422 990 621
1 198
2 755 342
4 528 11 864 197
1 196
2 195 221
1 359
1 157
1 505
7 27 649 369 512 115 331 772
2 35 869
7 642 365 173 750 384 285 653
1 853
1 850
7 955 950 989 692 376 57 207
1 957
1 350
5 826 113 206 290 488
8 181 343 311 160 514 807 137 119
1 649
1 265
1 634
3 230 431 321
1 336
1 470
2 521 171
1 506
4 27 768 205 921
2 543 1
4 982 630 116 876
2 173 606
1 345
1 120
1 447
2 727 502
1 467
5 983 532 632 543 21
1 283
2 714 470
4 13 718 882 328
3 450 870 626
1 276
2 579 341
1 322
1 10
1 856
1 266
1 25
1 34
1 492
3 950 623 76
2 533 92
2 743 59
1 579
2 436 976
3 223 367 451
1 725
2 567 105
2 457 797
1 892
1 643
1 548
4 36 830 336 837
2 650 673
1 860
1 234
1 895
1 706
2 470 467
3 702 710 541
2 172 306
3 311 127 259
2 481 305
1 917
2 603 595
1 647
2 224 25
1 206
1 326
1 501
2 58 934
1 774
1 497
1 436
1 242
3 805 80 811
2 45 40
2 448 585
1 940
2 940 801
1 856
1 734
2 20 146
3 904 441 704
7 334 955 598 838 980 530 988
1 801
2 79 395
3 466 298 248
2 466 2
7 642 878 438 225 678 244 522
2 707 640
1 951
1 230
3 826 145 575
1 158
1 273
1 851
1 264
1 695
5 323 504 539 861 516
6 982 235 104 733 819 911
1 230
2 436 184
1 22
2 778 266
1 975
2 208 129
1 980
4 615 223 97 424
1 446
2 270 85
1 778
1 810
3 466 482 296
1 4
1 5
1 518
3 953 243 585
3 343 475 896
1 698
2 508 608
1 963
3 507 430 647
1 49
2 66 729
3 64 272 822
1 471
2 179 728
3 948 195 671
1 34
3 901 761 806
1 315
1 394
3 584 366 1
3 520 780 686
1 825
3 310 571 396
1 888
2 719 163
1 532
1 55
1 710
2 428 465
1 726
2 756 485
2 989 187
2 88 166
1 935
1 930
1 9
1 745
6 181 966 924 614 136 612
6 815 945 883 507 183 582
1 44
1 551
1 553
2 755 954
2 878 177
4 181 892 567 629
1 603
2 3 271
3 411 610 332
4 478 74 908 863
3 928 915 397
1 182
1 980
2 884 775
1 444
1 567
4 102 209 613 782
1 844
1 359
2 297 931
2 201 676
1 248
4 928 542 856 573
3 311 643 373
1 497
4 315 446 809 437
1 552
2 73 583
1 455
1 888
2 928 524
1 945
1 826
3 544 274 920
1 710
1 922
2 889 994
1 583
3 611 789 639
2 4 37
1 694
2 912 926
1 743
2 310 914
1 617
2 877 655
2 36 927
2 920 213
1 925
6 120 909 901 103 889 200
1 462
2 223 874
1 898
1 412
2 432 249
1 796
2 384 873
1 477
1 431
3 546 268 420
2 509 156
5 104 805 417 804 71
1 527
2 389 949
1 509
2 79 214
3 878 973 910
3 211 992 95
1 421
4 854 436 333 491
1 942
2 730 766
4 116 93 817 558
1 205
2 537 843
1 882
4 810 730 340 511
1 376
3 0 731 180
1 399
1 139
1 691
1 579
2 10 480
6 566 289 646 594 98 847
1 63
1 245
2 877 135
4 394 161 390 320
1 380
2 508 509
1 506
1 63
1 98
5 945 181 633 587 138
2 200 291
3 338 831 372
3 770 708 250
2 553 564
2 394 33
2 327 112
3 810 891 833
1 120
5 826 745 79 381 697
5 102 466 752 335 140
1 57
2 401 123
1 714
1 993
1 810
4 730 13 871 599
1 716
2 77 520
2 946 997
2 58 987
3 4 50 915
1 239
1 565
1 992
1 506
1 437