100
1 1
4 44 22 0 97
2 49 70
1 39
1 16
3 76 22 30
1 55
2 35 76
1 62
2 24 47
2 41 99
2 84 90
1 19
3 27 34 41
3 34 80 76
2 40 22
6 34 4 95 51 97 72
3 92 31 93
2 38 63
1 12
1 98
5 85 82 83 36 61
6 95 69 5 15 1 94
3 69 98 81
3 9 40 29
3 71 41 99
1 59
5 13 80 64 89 47
1 68
3 33 24 75
2 83 5
2 17 50
2 36 48
3 29 65 76
5 16 14 45 13 79
2 51 7
4 32 67 21 65
1 84
2 18 57
2 55 3
4 24 15 83 45
3 10 25 13
1 65
2 60 90
4 58 63 1 74
4 91 85 34 40
2 81 49
5 74 55 9 79 27
2 32 51
3 72 2 46
2 31 71
4 35 83 48 16
1 99
1 90
1 66
3 47 39 6
2 66 87
2 79 38
1 44
1 26
3 43 84 88
1 21
3 8 97 80
2 44 18
2 27 65
5 33 78 36 42 64
2 56 54
2 36 84
1 28
3 73 22 23
1 2
5 72 97 25 77 50
3 49 71 16
1 69
2 47 44
1 29
5 5 7 33 14 93
2 94 71
1 65
4 57 47 34 86
3 27 14 62
2 46 23
1 21
4 30 21 51 40
4 60 11 37 67
2 21 45
1 79
1 56
1 60
1 27
3 43 11 53
1 45
1 17
3 98 17 76
2 77 22
2 22 16
1 98
4 71 62 1 16
4 93 96 20 23
3 52 10 25