100
2 35 14
2 19 39
2 28 85
3 17 79 47
2 40 69
3 51 75 24
2 19 66
3 70 61 51
1 71
1 77
4 34 93 99 24
1 15
2 44 28
2 23 53
4 29 55 20 0
4 57 34 11 30
1 61
1 3
2 94 22
4 1 74 6 21
1 14
1 19
2 18 48
3 45 52 13
2 10 5
1 52
1 44
1 98
5 98 40 12 2 54
3 14 57 94
1 15
2 80 81
2 38 60
1 83
3 10 50 15
1 0
1 40
1 77
2 32 98
4 50 45 1 72
5 4 28 80 36 97
2 63 79
2 86 92
1 73
2 12 26
2 39 23
1 57
1 3
2 87 22
1 96
4 39 62 34 67
2 5 7
2 23 25
1 13
2 78 28
1 14
1 81
3 29 15 46
1 77
1 88
1 32
3 82 7 16
1 50
1 41
1 67
2 98 79
1 6
2 50 64
1 90
1 4
1 7
2 93 8
1 39
3 96 43 80
1 19
1 5
1 81
4 9 94 58 37
1 54
3 3 65 41
3 31 40 73
4 99 31 56 76
1 61
2 33 99
1 95
2 2 89
1 42
1 48
1 59
2 85 91
1 68
1 89
1 42
2 71 10
4 77 18 95 29
2 94 84
2 49 73
1 40
4 65 38 28 27
3 81 10 83