100
1 99
2 55 4
3 62 74 99
2 73 7
0
1 17
1 84
0
2 99 56
0
4 17 76 86 99
0
0
1 70
2 37 88
3 31 88 4
3 73 5 55
0
0
1 24
2 99 33
3 74 75 33
2 26 30
0
0
2 27 70
0
2 0 30
5 51 11 47 8 70
3 61 74 98
0
3 70 9 71
3 79 12 0
0
1 15
1 59
6 61 56 45 69 32 90
2 88 31
0
0
3 70 18 14
2 9 96
0
3 22 26 98
2 81 78
1 23
2 73 39
3 70 68 0
2 87 88
4 94 54 14 17
1 70
2 22 68
0
0
1 61
1 39
0
1 17
3 31 37 71
4 44 10 3 61
0
1 71
1 20
1 9
1 95
1 64
3 98 95 21
2 90 7
2 7 12
1 88
0
3 95 57 9
1 4
0
0
1 70
0
2 93 7
1 75
1 42
1 51
0
1 69
2 69 53
2 33 32
0
5 68 45 72 54 9
1 71
0
4 18 83 80 8
0
0
7 58 98 89 43 19 38 60
0
3 68 10 64
0
1 9
3 75 20 86
0
2 95 70