1000
14 550 363 878 338 453 619 256 325 508 419 831 888 859 346
9 544 798 433 668 103 698 452 704 532
6 900 222 536 774 176 237
11 511 889 568 796 673 309 120 710 147 575 700
11 126 133 957 643 251 728 78 562 882 188 59
9 704 390 599 637 672 761 366 993 534
6 614 413 426 340 285 554
19 337 651 635 43 968 290 396 474 533 895 477 246 94 166 417 374 771 82 111
17 786 556 403 912 583 992 719 348 183 437 586 604 114 688 163 156 931
11 952 91 433 195 408 797 872 12 5 202 751
17 418 335 286 924 158 376 990 865 901 427 930 515 986 121 251 466 832
8 303 252 819 758 471 255 702 102
16 226 384 79 16 563 885 179 5 955 441 672 920 39 537 682 363
17 678 823 140 866 967 691 762 841 815 132 295 657 660 601 709 330 455
10 231 456 413 49 506 683 203 56 568 498
12 846 699 743 115 573 989 229 411 883 572 110 419
10 153 87 12 185 32 91 993 464 654 351
19 372 805 785 689 227 806 775 438 516 301 359 787 937 28 966 234 352 425 417
12 844 67 31 651 33 361 469 578 821 648 918 475
2 553 664
10 289 713 211 985 557 252 216 255 892 666
17 454 770 368 523 335 449 886 854 306 24 522 121 10 824 615 592 23
5 995 268 321 701 270
8 188 777 645 628 643 471 251 48
12 60 37 388 335 718 121 210 158 986 901 10 773
17 410 685 764 238 389 111 74 108 858 528 927 894 970 767 181 838 819
20 291 302 579 21 925 232 859 10 24 286 449 307 886 368 388 930 121 376 974 909
13 78 364 48 852 287 213 20 597 391 251 557 59 225
3 400 540 555
13 313 648 503 317 874 31 844 883 538 745 163 590 425
10 483 729 296 663 956 473 799 951 284 213
18 747 43 943 361 474 470 651 870 315 329 33 405 290 166 328 173 128 202
5 12 911 420 670 757
18 747 328 943 953 329 173 292 470 469 357 434 844 568 658 878 763 929 756
6 680 846 753 632 736 572
13 805 266 407 516 481 17 785 932 693 590 107 505 327
13 719 348 272 327 784 582 269 992 524 574 510 41 962
17 515 26 291 523 901 178 286 121 615 118 418 54 217 302 307 427 20
10 385 159 568 455 462 349 147 589 498 171
6 2 5 103 885 695 537
19 354 368 579 118 10 859 158 930 418 217 449 986 306 286 974 291 178 307 37
23 508 488 257 341 358 416 722 334 656 936 649 282 619 256 878 807 831 202 419 378 923 325 0
16 719 983 644 89 156 327 218 96 604 68 163 723 305 566 222 296
20 959 290 328 661 474 292 651 405 635 918 943 720 223 821 533 598 796 513 182 279
6 370 113 56 310 415 58
4 845 103 995 176
13 483 296 730 539 678 759 442 815 409 917 663 138 905
5 308 231 972 406 527
8 303 198 794 940 628 562 852 192
3 541 928 456
8 731 521 976 159 385 455 424 38
9 87 2 600 952 545 996 226 382 532
5 926 495 793 647 262
1 117
13 854 118 718 427 121 40 605 388 335 232 990 102 521
4 737 861 962 201
6 47 973 581 72 791 664
2 973 86
6 734 739 463 122 622 55
11 127 728 23 684 252 364 133 64 557 78 738
11 54 986 579 158 418 718 354 278 605 773 24
17 199 187 235 685 273 238 528 111 894 981 311 677 746 197 248 570 888
11 23 252 987 852 213 882 20 364 985 645 251
10 492 455 385 284 85 462 349 171 498 828
13 225 643 480 255 391 252 777 726 557 666 465 486 985
6 130 153 742 54 605 398
3 323 426 724
18 470 94 870 313 943 439 651 18 844 396 361 499 635 357 73 329 423 715
14 114 8 582 156 194 218 89 978 525 784 576 754 193 909
9 251 126 809 252 534 513 48 11 957
4 706 175 208 244
10 716 599 408 885 32 952 479 433 698 690
5 382 110 458 47 191
15 151 821 676 499 357 470 434 450 361 67 128 959 423 389 934
30 897 970 181 767 197 238 528 894 311 981 187 199 273 677 186 858 746 108 838 685 927 235 517 508 409 536 532 217 900 722
70 871 772 792 831 762 417 676 825 947 662 505 566 746 172 438 898 579 797 646 953 313 281 917 350 38 538 192 286 236 842 356 658 748 520 182 121 348 400 353 975 42 834 966 674 764 193 349 763 465 270 543 928 866 81 760 754 437 186 794 980 728 985 840 294 545 352 586 194 946 716
27 356 840 675 157 904 609 999 594 915 765 867 913 99 501 984 705 610 81 893 947 155 442 762 644 182 145 890
5 432 622 457 777 38
11 480 628 198 899 882 192 728 216 69 465 211
5 420 274 141 789 136
10 136 979 66 518 495 847 826 724 104 249
30 76 915 638 659 999 893 765 594 913 157 867 904 609 662 501 705 947 984 99 631 853 129 491 365 579 280 733 505 966 483
13 655 856 148 229 692 941 697 944 707 891 167 156 238
3 239 174 431
11 945 100 161 611 941 271 988 547 526 411 950
18 642 284 491 903 50 511 521 510 796 710 38 690 346 373 909 976 147 159
5 494 507 283 345 340
6 366 222 993 321 952 452
18 876 714 438 548 868 640 314 443 125 607 266 142 467 261 785 936 156 854
19 154 595 604 688 582 586 156 556 912 403 786 336 68 36 226 304 491 926 746
11 258 123 148 755 109 414 514 430 162 152 550
14 845 177 900 811 366 881 996 479 452 51 185 960 634 394
14 911 843 563 845 324 995 571 71 408 636 798 966 756 120
5 161 34 743 606 242
12 968 439 499 357 533 874 477 434 290 317 633 231
7 739 174 795 922 780 531 972
19 912 992 194 327 156 783 546 272 556 154 688 983 596 403 671 41 877 419 358
6 220 84 115 135 856 742
4 436 711 683 541
28 609 705 76 638 765 840 662 867 984 915 999 913 610 659 594 157 81 904 675 501 893 8 53 872 673 94 828 645
14 816 692 646 430 778 265 982 559 547 514 552 318 414 435
19 347 603 633 13 539 803 576 360 46 421 709 472 715 529 949 140 823 660 232
10 250 812 905 11 666 126 78 23 562 486
10 798 757 636 168 390 141 763 654 106 130
2 264 86
15 272 42 591 36 671 786 849 688 336 595 784 89 348 556 567
7 390 464 519 240 797 654 32
20 8 582 644 546 604 524 42 556 586 194 591 156 105 348 595 583 68 762 352 528
21 981 838 311 61 898 677 181 197 685 235 74 186 894 111 746 779 410 897 296 852 171
10 260 559 97 135 82 839 535 34 769 951
5 734 707 297 275 428
23 528 74 517 938 273 108 181 981 199 25 858 389 187 894 197 838 970 410 509 235 700 391 498
11 963 286 10 306 217 579 454 379 865 854 522
3 826 165 907
15 644 124 556 546 194 154 783 671 524 183 612 912 269 207 710
16 365 613 204 444 242 514 414 887 552 808 846 778 652 228 339 353
21 194 992 784 172 124 612 783 107 583 114 105 719 582 596 849 978 352 900 136 248 226
1 780
14 379 523 886 60 158 924 302 40 394 232 21 180 306 899
4 66 387 614 160
18 909 277 284 745 673 159 455 385 346 63 498 373 575 349 492 903 147 568
12 54 26 178 118 427 60 770 522 232 925 40 492
0
9 300 769 564 90 526 667 836 511 983
17 574 784 194 114 524 68 644 786 116 336 723 583 783 604 269 588 53
19 725 640 155 359 314 448 412 607 805 787 481 868 22 894 543 280 233 355 851
12 882 758 812 513 64 738 567 957 48 480 211 892
15 557 892 287 480 905 251 597 391 684 985 435 958 726 64 303
14 474 503 676 434 173 288 651 874 499 963 573 806 538 391
1 463
8 742 843 39 384 268 654 240 193
4 224 415 933 383
11 473 776 332 472 295 576 539 30 949 180 513
13 198 188 713 940 459 957 738 59 303 645 486 892 837
14 648 397 317 450 870 292 288 844 635 676 423 568 813 114
7 813 559 100 800 512 744 786
5 835 57 531 147 192
5 801 249 592 230 921
16 715 961 442 633 949 691 729 657 360 663 823 776 539 660 369 48
9 479 333 757 537 872 324 298 881 222
19 815 603 691 653 848 539 841 483 576 482 951 352 799 715 295 138 758 513 926
5 2 179 760 881 566
17 263 261 714 35 372 412 937 359 377 500 17 301 227 868 105 10 280
3 551 196 160
37 717 617 712 857 665 939 254 587 608 977 768 146 687 673 658 325 980 520 410 543 206 42 638 538 655 377 947 125 341 60 491 607 248 163 642 834 737
11 559 632 204 880 914 535 646 490 613 547 458
41 712 939 768 587 665 608 977 144 254 617 717 857 971 505 179 223 864 473 996 854 590 520 499 157 453 578 713 462 208 355 594 114 341 491 512 334 853 535 943 963 915
21 462 424 455 731 349 120 85 498 575 690 346 492 50 385 673 796 63 171 948 511 62
14 552 727 941 34 652 82 242 646 549 97 265 258 832 605
19 923 355 807 722 257 788 378 453 732 256 929 888 831 598 733 419 363 949 400
8 664 461 795 426 431 965 170 494
16 94 29 18 870 329 474 477 953 434 918 689 513 314 520 126 697
7 699 755 90 97 941 228 983
11 798 32 274 560 51 750 22 537 366 92 118
16 116 269 194 272 595 322 983 574 604 586 183 978 348 702 908 416
19 443 301 381 35 548 875 725 484 561 316 221 790 467 125 621 377 325 417 4
16 912 556 574 784 322 524 612 68 723 719 591 124 525 36 722 445
26 638 705 81 356 984 893 659 501 915 662 947 765 675 999 840 913 76 904 538 534 785 64 25 830 182 653
8 773 388 306 40 354 180 379 738
11 642 171 309 50 976 690 63 796 462 498 346
8 362 686 749 791 476 44 191 994
8 573 350 817 559 220 171 796 186
10 699 496 148 514 229 753 276 444 845 519
17 172 591 156 322 327 992 582 723 978 983 96 272 68 784 786 49 454
1 507
3 795 487 737
19 29 499 94 918 874 844 313 503 361 151 708 469 134 329 959 821 635 33 543
3 239 262 686
10 873 584 845 32 560 761 960 997 158 50
16 467 864 674 607 714 377 263 381 468 621 725 417 238 188 951 471
3 98 585 401
15 270 589 510 731 284 385 147 491 373 304 828 903 63 3 700
15 688 719 194 322 525 68 124 671 591 105 107 114 733 207 938
14 329 943 337 747 959 874 223 166 953 932 889 182 358 718
5 795 504 494 253 285
5 994 487 457 345 129
7 141 390 5 997 153 38 193
12 240 845 384 993 9 324 696 92 654 22 351 312
14 180 388 615 865 24 579 454 306 305 60 523 990 112 921
7 384 106 742 45 141 298 756
15 376 388 60 10 278 232 37 901 394 121 26 178 522 418 521
24 273 410 186 981 235 199 25 764 108 528 389 746 970 897 111 197 311 927 898 517 960 550 889 121
98 520 211 429 935 187 834 26 890 107 678 529 851 418 355 733 550 344 235 997 198 948 79 62 236 505 280 207 936 769 828 111 303 807 603 633 839 275 601 691 963 331 161 59 456 270 368 591 853 568 403 588 476 945 941 998 566 619 452 378 114 124 417 58 389 458 783 203 271 686 859 629 858 217 365 174 74 901 623 873 391 779 976 987 425 193 402 869 583 571 849 975 78 905 538 897 971 966 556
18 124 525 116 156 784 591 114 983 68 327 403 36 574 612 272 96 322 636
8 295 13 539 730 823 660 917 568
4 433 139 952 963
17 897 746 517 927 528 187 767 410 108 389 61 677 838 149 726 349 899
20 517 938 894 410 235 199 858 764 838 981 970 61 897 898 779 186 571 566 402 732
11 102 892 293 819 206 459 534 465 364 471 192
4 782 835 827 214
5 954 466 58 164 562
2 212 506
12 728 882 303 102 364 267 293 958 69 645 445 892
19 353 425 966 890 402 834 207 588 532 851 205 566 351 597 352 14 416 998 498
11 322 89 114 36 591 992 124 218 207 282 819
2 408 333
8 664 860 835 518 244 820 504 431
26 25 898 108 767 858 273 779 509 838 235 74 897 389 938 187 685 238 927 733 619 250 421 462 825 193 455
14 391 957 562 645 486 20 192 255 471 852 643 905 819 628
26 273 927 235 509 181 897 410 938 898 238 838 111 970 981 108 685 311 677 764 187 197 287 957 482 673 0
6 683 463 748 413 647 944
3 504 66 239
21 325 508 282 733 453 41 656 619 404 878 257 378 149 334 888 248 892 495 510 289 291
4 191 624 399 829
9 243 512 84 813 365 626 880 162 27
21 207 353 193 834 890 588 532 351 566 402 966 851 425 963 304 40 252 379 482 773 69
3 59 23 69
22 425 353 205 851 402 566 193 588 890 532 351 966 834 888 854 178 531 378 404 250 278 279
6 553 933 415 780 551 962
6 87 537 16 179 536 544
9 21 291 579 60 278 40 376 974 886
6 738 127 126 882 48 899
5 72 370 969 891 634
15 27 567 684 250 905 206 728 252 819 666 758 809 892 957 713
4 687 724 531 250
17 50 85 842 462 909 510 690 642 976 491 521 673 700 889 568 745 133
9 702 188 267 562 20 78 255 192 69
16 418 306 368 210 118 523 54 60 112 394 770 302 354 925 824 225
14 671 783 322 524 688 583 194 546 591 269 983 574 723 47
11 87 45 872 92 670 754 274 545 176 952 566
12 755 813 109 535 496 778 836 526 547 271 204 280
23 438 342 868 864 263 932 316 937 155 725 381 412 775 714 481 467 963 520 107 271 25 154 298
7 991 774 408 698 65 566 579
20 67 313 470 151 357 440 747 648 578 247 29 246 477 325 848 207 455 971 379 619
5 110 933 249 370 728
7 459 987 251 192 206 126 428
7 584 960 920 237 991 963 794
12 621 407 790 689 725 263 381 868 620 261 548 786
12 490 109 727 97 339 204 743 880 692 298 37 402
8 294 344 411 422 430 727 84 421
2 669 63
2 371 429
12 335 615 859 40 865 217 522 773 178 379 605 643
34 234 627 259 590 502 616 374 485 853 971 565 946 393 338 366 389 543 938 193 30 275 660 498 690 23 948 779 973 722 360 745 417 588 513
27 946 393 374 853 616 233 259 485 971 627 565 502 590 810 916 710 523 127 532 62 517 886 739 597 199 303 866
17 517 181 897 767 197 746 74 410 938 238 898 311 353 961 614 37 279
12 365 15 846 862 90 339 493 652 883 87 510 457
8 390 843 1 811 873 636 625 995
21 410 111 197 767 938 838 779 509 528 74 764 389 970 61 685 186 927 981 52 351 837
3 618 884 426
10 695 544 636 584 91 1 384 65 209 324
7 861 832 436 891 931 214 869
11 109 100 97 856 82 422 989 496 846 655 558
9 727 836 236 82 697 573 135 84 698
4 835 972 175 506
8 727 344 162 755 569 123 552 679
15 361 7 720 959 166 329 18 661 128 173 877 538 402 599 843
17 128 895 73 533 396 676 651 499 246 720 470 361 259 839 378 520 182
17 888 404 923 363 649 619 419 355 508 722 656 788 0 416 256 929 700
4 370 847 14 780
16 666 899 471 940 597 293 267 289 738 459 255 69 702 198 958 684
13 213 465 738 777 882 906 985 562 645 127 957 255 126
14 777 64 126 758 905 23 198 809 728 837 364 985 102 213
4 931 117 964 681
36 977 768 144 717 712 587 939 146 665 608 857 617 60 505 232 182 647 779 207 543 874 966 705 582 627 256 450 958 868 774 226 698 638 772 442 905
15 428 852 11 267 62 557 211 126 597 465 819 684 27 985 513
23 338 508 334 788 550 149 488 378 807 0 358 878 419 202 619 756 656 325 733 929 568 180 948
19 831 722 419 550 888 878 656 341 453 202 334 923 325 733 619 508 936 150 211
8 265 411 34 135 123 646 971 486
24 616 485 234 374 502 853 590 233 565 971 627 946 393 845 809 432 351 325 851 131 425 560 691 636
5 606 547 816 836 846
16 227 468 725 640 88 377 448 438 693 412 620 658 666 351 673 538
5 739 639 580 406 373
16 125 864 372 607 17 412 868 875 438 35 725 484 710 513 355 931
4 928 593 703 624
12 982 446 220 631 655 444 243 422 380 909 280 330
17 806 714 359 693 314 443 125 481 301 169 725 875 980 41 910 588 485
12 303 728 102 289 777 27 597 987 48 852 465 225
9 479 997 952 16 226 522 351 158 466
19 116 786 583 8 327 524 322 525 403 978 114 218 36 156 272 194 550 48 888
19 373 903 909 304 842 673 349 511 63 521 948 3 796 120 215 710 424 284 976
7 631 446 422 817 606 40 604
17 8 723 591 783 688 163 89 348 784 194 183 912 525 849 124 327 207
22 898 677 927 897 74 970 235 197 779 187 858 838 517 981 685 111 186 181 389 764 536 907
7 333 757 704 774 750 600 10
3 739 122 55
12 547 265 446 82 914 646 781 626 652 180 588 565
15 424 796 710 491 120 63 642 171 909 903 159 510 284 948 309
15 418 24 515 718 354 307 118 210 449 605 986 824 925 974 541
16 908 472 998 841 482 759 866 421 799 296 473 101 442 967 730 330
46 980 543 417 183 528 521 32 224 700 771 625 251 10 210 44 68 656 211 334 452 985 425 455 592 532 217 41 248 678 62 923 633 508 834 997 688 320 240 845 23 912 192 948 197 147 133
5 83 965 850 706 466
17 598 732 649 722 355 888 404 936 338 256 325 41 0 202 807 756 508
5 928 113 175 739 622
17 828 700 948 521 385 690 120 462 903 277 745 796 50 889 38 85 3
5 244 494 189 136 56
17 824 963 394 522 178 368 10 990 278 232 930 121 515 335 974 770 60
7 133 251 391 905 702 289 852
15 844 720 469 651 968 503 292 708 31 290 128 43 843 202 54
6 133 486 480 216 225 738
17 337 43 7 844 474 18 830 315 405 67 139 901 932 372 520 745 824
12 579 718 523 773 37 10 24 963 770 60 449 700
13 361 288 747 503 128 166 247 423 388 923 565 417 182
7 225 252 188 985 534 645 59
9 564 778 490 914 887 547 135 818 145
15 709 653 762 682 917 730 482 776 823 908 825 751 409 279 633
16 908 949 951 409 473 330 13 678 729 866 369 184 601 603 823 101
6 83 829 6 231 320 944
12 45 177 996 139 274 881 2 637 797 79 960 195
12 139 754 670 179 130 885 39 384 324 807 122 656
13 631 755 229 123 350 162 161 573 945 411 100 332 351
16 468 221 932 787 741 125 516 381 805 261 169 674 500 142 155 225
20 37 286 306 24 158 388 418 354 974 901 986 925 210 118 26 178 886 854 903 812
7 738 728 628 206 534 684 251
19 700 976 309 690 50 3 710 159 842 270 498 568 642 731 120 796 171 958 645
13 302 523 40 354 605 286 901 388 307 180 854 306 924
15 118 865 886 54 394 773 963 427 454 379 925 10 523 286 180
11 335 112 615 773 427 305 449 26 19 634 639
1 926
20 373 270 492 842 568 120 575 349 690 277 498 63 424 171 745 346 147 796 642 510
4 979 664 683 460
14 677 108 74 764 111 898 858 938 186 685 927 353 851 566
7 56 504 795 506 308 814 70
17 134 651 7 648 635 151 439 943 676 821 317 499 405 474 918 226 360
13 448 775 443 607 372 548 342 261 689 520 627 326 613
16 292 895 329 959 918 635 405 173 470 134 396 898 369 604 909 714
12 725 741 775 868 372 17 359 448 516 674 142 876
17 128 247 73 94 328 315 18 151 405 450 945 956 590 464 766 725 723
8 229 655 988 887 755 945 374 557
8 493 559 818 512 755 178 455 502
6 113 707 739 580 954 630
11 763 209 872 920 955 299 995 885 355 663 11
12 327 586 992 604 114 525 524 163 215 888 579 838
3 150 119 399
9 299 298 668 39 654 695 637 141 65
20 888 508 649 453 732 788 488 334 878 41 338 282 756 248 149 929 733 354 678 368
4 494 56 415 117
12 96 89 786 322 644 154 8 992 124 105 546 36
14 151 708 477 128 247 470 830 94 533 834 538 636 468 753
22 313 18 33 499 661 246 337 151 317 440 648 474 870 918 328 417 280 543 156 616 378 992
12 529 879 762 421 296 678 841 653 46 825 471 217
8 873 952 997 672 872 550 807 455
16 951 776 691 473 539 815 369 483 967 709 132 657 660 759 841 360
4 168 153 625 696
16 733 341 619 419 923 202 649 598 0 508 756 257 416 788 282 248
12 886 26 901 515 930 305 579 278 24 963 575 431
16 596 36 96 595 42 114 525 719 172 784 583 154 302 394 379 351
21 315 288 676 474 635 43 33 968 694 94 895 396 173 355 721 425 777 70 291 633 980
20 508 923 550 788 733 334 363 619 404 282 325 929 453 149 888 878 358 248 202 291
7 15 781 818 667 753 97 260
1 740
16 41 649 878 888 378 334 550 355 831 656 929 598 257 732 807 206
16 377 725 500 381 142 467 261 301 225 416 414 410 740 193 417 520
3 669 629 386
17 883 613 727 34 736 769 512 632 422 655 929 543 452 437 784 280 575
3 413 137 432
19 909 304 492 284 842 171 710 309 270 424 50 159 215 642 491 673 700 796 731
21 482 715 576 759 653 709 409 771 815 841 823 663 295 46 657 279 730 917 214 575 373
11 163 582 783 719 194 8 912 591 116 105 475
21 642 304 50 568 498 510 284 673 346 948 159 147 63 909 828 309 270 589 171 85 745
13 846 204 989 781 260 162 631 148 755 727 582 742 981
19 532 588 207 193 402 966 890 834 425 851 205 566 353 802 488 807 59 841 352
13 101 803 841 295 140 961 46 815 360 529 138 305 930
22 588 205 425 351 566 193 532 834 966 851 207 402 890 225 334 95 59 239 653 64 214 24
11 930 121 379 924 824 26 449 291 217 349 855
20 598 256 619 656 0 41 733 807 732 404 338 453 282 358 488 341 831 50 796 673
32 999 765 913 594 609 915 81 638 947 99 867 501 705 840 659 904 610 76 799 0 616 280 378 918 966 581 502 533 983 401 283 709
11 166 223 337 533 578 661 651 73 67 396 304
22 649 404 378 788 282 257 488 338 0 807 598 41 202 733 732 334 325 722 341 248 293 424
24 221 88 142 484 342 155 775 227 787 806 937 381 261 805 263 367 417 628 890 498 435 348 545 538
4 296 13 729 511
20 470 329 290 499 439 651 635 440 918 317 288 830 676 247 720 943 970 627 496 559
3 896 249 850
23 831 149 257 732 202 419 756 488 404 378 338 453 325 550 20 686 60 707 460 54 776 19 828
10 48 293 684 69 534 445 62 557 289 852
11 82 667 514 611 204 271 344 822 543 823 889
3 141 222 358
3 189 14 664
14 963 37 305 454 859 60 54 26 449 217 427 354 930 335
18 576 184 13 483 715 132 799 691 771 815 473 729 776 998 841 759 279 657
2 791 491
5 975 994 950 855 462
15 500 640 864 689 937 868 785 725 438 88 481 505 538 845 182
16 215 842 889 673 492 159 575 38 277 462 745 491 642 700 270 796
30 234 853 485 971 946 502 393 259 616 627 233 590 565 810 44 304 417 834 9 347 64 624 657 68 181 881 163 906 409 649
5 703 740 861 724 297
25 178 963 394 118 454 449 515 21 210 306 121 232 615 37 302 523 10 278 886 26 54 891 27 642 424
19 342 381 443 864 169 714 500 875 35 467 372 735 937 316 266 359 697 658 538
20 0 363 923 936 256 416 929 488 248 202 807 325 338 419 619 831 282 878 453 859
16 854 925 60 210 335 307 291 615 24 770 449 605 54 26 522 592
13 411 846 822 265 646 100 549 135 652 564 236 258 465
18 88 35 261 448 548 785 443 516 438 468 266 741 868 898 673 181 789 858
6 554 623 244 49 239 137
1 113
9 16 130 774 560 952 91 615 890 908
13 642 731 373 510 842 491 304 120 909 424 215 889 50
4 476 919 429 457
6 406 340 928 262 926 19
13 60 449 354 302 307 718 615 418 217 232 54 930 287
21 746 273 838 685 111 25 764 894 677 61 238 927 767 517 981 938 528 108 745 925 110
9 177 599 636 716 873 441 237 324 120
7 428 809 957 713 62 906 892
17 148 836 430 319 699 573 294 989 271 422 569 152 300 743 667 258 841
29 565 946 590 853 234 374 616 233 502 259 971 485 627 64 101 286 961 828 41 543 207 37 851 677 304 905 980 217 427
18 354 158 26 291 286 925 180 376 865 278 10 121 307 854 924 178 306 277
9 452 560 789 268 324 321 168 39 575
18 870 651 499 968 895 337 844 694 578 440 747 450 234 746 613 538 851 528
16 661 651 313 830 43 151 821 7 134 874 648 477 292 278 851 784
3 530 44 131
6 855 994 253 214 14 835
5 922 56 931 487 650
6 122 14 475 530 451 681
17 890 566 351 851 207 425 966 532 834 193 205 353 588 969 700 158 906
16 644 272 327 348 983 114 556 89 783 582 96 116 107 702 492 249
16 733 756 929 416 656 0 649 550 788 508 598 807 936 256 338 334
21 943 166 440 246 503 361 94 477 423 694 844 450 959 128 918 18 895 439 217 300 491
5 902 922 208 129 55
19 876 607 741 875 88 263 621 443 548 468 120 505 520 627 182 898 238 722 655
9 240 16 268 51 45 219 331 298 774
10 691 825 967 799 295 483 998 751 442 759
18 273 61 238 187 25 938 197 894 677 897 186 517 199 509 898 858 181 952
7 245 569 430 743 816 229 10
17 35 443 261 875 714 548 142 468 620 725 500 834 183 898 520 256 59
7 56 669 639 131 367 399 835
10 514 97 558 411 145 883 109 93 727 251
5 382 208 877 143 375
16 282 550 732 419 41 363 722 248 341 404 325 923 598 354 304 286
44 543 980 280 103 649 698 920 507 589 897 281 890 192 24 700 36 828 498 491 187 979 729 767 796 353 483 437 619 295 983 351 363 197 273 746 668 615 309 981 453 462 289 3 854
7 886 26 394 291 37 376 278
22 363 831 256 756 732 404 929 0 733 341 378 453 598 149 923 334 788 888 416 722 257 534
8 176 433 106 22 519 536 598 284
14 841 473 576 140 184 633 279 30 917 776 660 951 879 295
9 350 318 411 245 100 982 265 123 462
16 439 7 450 747 134 288 953 313 676 292 648 151 635 29 221 565
16 38 796 373 745 510 455 842 642 63 710 575 492 491 50 349 289
17 532 834 351 588 207 402 851 353 205 966 890 566 193 27 762 416 776
3 456 622 554
14 454 824 354 21 859 886 901 418 291 388 118 930 217 210
8 486 267 69 126 882 216 957 11
3 28 191 113
10 564 414 692 365 82 883 135 197 508 801
4 415 231 117 53
4 541 387 244 724
11 672 195 139 995 763 209 872 537 274 964 425
12 470 635 315 361 73 469 292 661 439 968 874 930
10 250 252 255 513 684 20 211 892 428 192
3 614 431 129
17 783 582 96 107 574 105 595 992 978 688 525 42 983 183 403 723 154
22 381 868 790 640 714 266 142 693 316 17 735 263 876 359 155 35 485 187 112 124 520 299
14 635 134 247 337 329 830 661 151 31 317 533 959 541 538
14 844 361 246 648 895 959 313 747 578 459 347 259 579 590
17 51 299 545 268 757 636 704 433 761 811 797 298 153 701 324 297 379
18 472 13 771 295 332 762 759 730 539 709 296 483 908 956 138 601 660 605
13 88 640 481 932 607 875 316 467 448 142 182 839 770
8 632 34 446 816 276 422 300 318
16 192 794 78 23 713 188 557 777 471 126 62 643 255 666 64 133
10 945 817 818 258 558 552 514 800 202 193
1 160
17 372 868 263 548 484 787 221 125 689 316 266 714 438 17 539 613 177
15 54 118 963 278 388 10 368 232 286 210 26 718 40 854 394
21 959 33 329 943 635 328 821 474 874 357 720 290 173 306 936 815 991 666 543 389 505
7 921 77 814 208 143 239 527
10 774 195 177 701 65 176 71 672 639 523
19 404 649 732 334 256 257 149 378 619 419 788 550 888 282 923 598 929 217 203
10 278 854 37 379 522 306 986 307 291 232
20 50 424 948 575 491 277 462 510 700 349 745 346 568 511 889 909 147 796 85 309
3 323 686 527
3 681 406 461
5 504 436 734 6 451
13 69 899 940 597 958 726 957 906 486 126 794 738 252
5 343 711 129 527 972
4 58 869 962 650
18 492 38 745 270 889 976 903 309 568 3 521 510 159 491 828 690 373 666
5 639 375 190 458 664
6 696 408 32 87 570 793
6 985 23 4 69 78 391
2 264 827
17 443 407 714 741 875 342 266 500 561 35 640 448 74 583 61 966 762
20 88 689 142 775 725 467 342 381 875 741 876 377 261 301 407 263 731 89 260 538
23 450 470 968 7 361 290 313 337 33 43 29 474 440 661 405 635 18 363 967 159 920 779 980
10 503 151 440 337 953 397 658 251 3 677
7 198 69 126 684 892 211 78
10 825 539 352 633 848 949 46 803 347 576
21 657 730 956 360 13 759 101 663 46 815 576 951 332 279 682 482 421 140 803 296 69
13 720 247 959 128 288 173 648 503 405 361 94 738 980
2 965 504
5 935 669 891 53 165
10 134 423 67 747 317 31 440 405 344 986
5 451 687 113 160 426
11 845 544 384 571 774 811 695 331 71 536 944
8 225 289 465 892 27 391 906 198
7 937 876 790 412 125 438 866
10 138 967 759 296 633 360 776 184 951 855
17 330 482 184 841 998 101 472 682 956 967 657 30 473 296 771 46 891
17 620 372 937 693 448 785 741 443 266 481 864 735 607 359 624 722 930
23 233 853 590 971 393 502 946 259 374 234 565 616 627 793 543 615 890 25 355 465 193 851 574
12 628 726 513 78 391 812 892 4 267 293 597 102
5 104 345 386 860 85
14 256 419 649 378 248 257 358 404 202 888 0 619 807 41
1 965
9 781 755 229 572 276 990 502 543 280
15 745 147 462 159 796 277 349 85 3 842 589 710 171 642 987
25 120 349 215 568 909 85 491 589 521 673 373 277 828 462 309 889 270 3 346 642 745 731 159 728 557
9 496 350 781 982 15 756 589 280 543
0
3 175 463 189
12 547 380 318 862 808 813 727 839 245 572 517 691
1 143
15 690 700 346 85 568 976 909 948 309 731 349 521 796 198 78
18 290 477 895 694 844 434 651 67 953 396 870 134 708 648 43 538 295 838
18 714 443 693 725 785 467 263 377 561 548 359 674 868 125 88 775 536 111
30 675 157 594 904 659 893 81 609 356 915 638 913 610 984 705 99 840 867 662 105 410 545 885 248 518 895 196 280 182 658
23 259 565 234 616 374 853 590 485 233 393 971 627 946 418 716 905 488 307 335 987 677 409 585
19 943 73 315 450 477 440 651 694 439 292 918 578 33 559 401 196 596 152 795
6 489 57 641 208 581 724
70 658 538 995 419 773 570 280 403 981 338 618 30 189 336 61 983 546 952 655 700 402 888 779 349 44 890 710 980 96 417 388 716 834 566 120 781 214 812 543 818 576 192 627 256 420 823 408 107 762 604 32 889 365 159 355 817 756 193 796 262 374 0 492 186 852 188 534 322 715 550
4 429 782 954 713
4 624 832 283 214
17 619 732 248 929 404 453 878 338 416 363 149 41 202 656 310 866 729
20 111 25 410 108 838 779 528 927 981 685 970 235 273 181 938 897 389 404 566 889
20 373 120 455 745 976 889 171 690 159 85 385 642 38 215 700 63 589 948 147 738
19 147 568 63 731 903 700 948 349 889 50 424 976 745 491 492 304 589 309 38
11 989 318 766 242 228 236 109 319 148 229 351
11 102 557 250 666 435 445 48 287 225 713 64
12 736 846 606 856 229 115 109 535 271 93 258 946
13 579 523 859 291 930 354 522 180 306 10 335 217 210
25 805 155 561 263 674 88 868 443 372 481 689 342 640 484 735 467 448 468 142 932 265 116 807 60 277
25 927 61 509 235 897 528 767 838 410 970 187 273 685 199 181 981 74 186 677 779 310 326 544 239 159
4 679 630 749 58
7 952 274 177 637 798 209 917
105 182 505 769 971 419 519 550 373 565 543 327 103 924 731 130 980 595 591 739 3 257 538 502 660 598 894 385 149 178 42 991 605 838 496 341 233 742 444 596 402 24 259 85 882 89 710 63 753 649 848 268 152 777 15 284 358 25 988 910 690 205 590 738 603 318 522 966 280 696 853 65 193 604 949 685 453 325 728 873 963 658 709 532 154 59 702 417 273 485 132 970 463 716 836 272 616 388 588 890 207 353 881 307 102 291
10 842 373 38 346 304 642 575 424 120 492
20 449 217 291 112 865 773 158 40 210 54 454 859 963 990 770 306 232 930 178 277
15 418 770 427 278 21 605 773 10 217 579 449 291 307 60 907
16 783 8 546 336 688 36 156 89 348 327 849 786 582 525 591 566
17 437 524 403 604 114 644 96 183 784 272 89 723 124 612 116 591 809
13 260 606 755 781 572 34 365 258 161 514 552 758 63
5 664 362 281 531 623
18 111 894 410 677 927 517 187 764 74 238 685 838 898 61 970 108 199 273
11 409 841 815 751 682 576 776 347 799 13 759
4 460 476 262 415
4 400 340 504 198
23 193 588 890 205 425 351 966 207 851 566 402 353 834 256 473 771 215 859 78 948 37 908 892
16 470 357 288 720 173 315 651 844 166 434 33 337 635 918 182 443
9 102 48 255 758 133 985 206 713 188
5 813 422 245 862 228
9 324 1 750 5 16 22 961 101 824
3 331 179 441
59 505 658 690 234 671 277 133 673 980 373 53 859 351 767 393 324 666 378 601 761 565 348 646 631 577 576 291 233 800 374 89 199 938 886 485 570 16 807 941 437 700 346 971 207 325 400 988 148 79 425 427 616 902 742 402 462 812 362 647
13 951 729 657 762 603 678 866 691 682 917 27 385 354
5 829 965 979 308 935
4 345 249 340 568
2 399 297
41 280 417 980 923 46 668 455 757 593 764 666 410 588 473 69 207 353 112 890 528 539 834 348 866 723 779 566 309 663 884 615 995 823 828 653 442 555 586 465 346 476
4 240 139 545 464
6 12 774 544 789 341 834
15 783 194 163 719 849 114 89 336 116 723 671 525 156 269 327
12 414 646 245 446 115 350 319 766 430 158 272 447
18 227 785 342 316 868 640 674 17 741 790 266 775 314 377 169 853 25 229
8 667 817 15 123 699 862 626 425
21 488 325 149 416 929 0 923 338 733 363 419 788 358 404 649 598 256 732 378 431 706
7 877 253 994 456 52 942 159
8 535 808 339 559 490 667 813 834
3 928 884 965
4 687 950 131 489
7 802 630 618 451 542 623 650
19 116 322 114 783 89 591 218 992 784 107 194 671 269 788 304 289 5 193 731
14 289 428 702 809 206 192 987 728 882 23 216 435 666 486
17 549 552 260 862 265 611 769 145 646 753 161 422 535 834 233 799 41
9 558 228 569 294 778 493 989 549 248
12 209 168 219 900 32 130 600 584 789 16 331 774
24 548 468 607 621 500 412 221 787 443 342 864 674 17 868 714 359 876 263 875 448 599 972 280 858
9 713 11 364 211 216 513 287 465 391
13 881 811 222 16 331 900 176 668 754 240 130 232 966
10 941 880 90 148 228 743 350 351 890 767
30 485 393 590 971 946 627 234 853 502 374 233 259 616 37 746 330 523 834 267 927 253 779 885 351 458 270 69 936 287 815
22 207 532 588 851 890 402 353 193 205 966 834 425 351 352 83 554 568 330 732 726 192 923
13 198 892 206 48 645 78 127 211 69 23 597 562 216
14 215 673 147 521 731 3 589 948 462 710 909 309 889 270
11 161 559 243 781 414 318 490 149 523 262 280
9 571 843 563 395 560 39 71 761 672
10 299 222 39 153 952 12 701 103 491 149
10 161 778 982 808 945 692 856 115 333 384
4 148 229 344 838
23 437 322 983 269 596 89 784 849 644 583 272 124 194 612 172 154 336 783 838 851 970 819 180
12 510 842 38 3 731 745 889 903 796 171 492 277
13 879 908 30 603 771 799 653 633 823 848 949 421 866
5 80 791 487 463 687
15 357 288 134 870 405 67 396 33 477 337 715 96 693 508 295
15 158 924 180 178 854 291 379 901 515 418 354 306 394 930 965
5 734 931 926 527 618
2 706 979
13 644 556 218 849 671 591 992 595 322 596 36 207 677
21 992 437 348 8 107 172 556 403 604 783 322 194 524 154 272 96 89 333 199 334 235
9 222 757 408 324 452 390 563 12 854
5 832 249 581 52 965
22 992 524 403 546 183 269 107 978 784 36 96 574 783 272 723 154 644 116 25 888 390 278
35 857 144 254 146 617 608 768 717 665 939 977 712 280 980 714 353 538 417 834 504 731 302 890 505 140 871 520 627 77 182 491 46 324 177 69
19 966 834 402 532 193 207 353 890 351 205 566 425 851 349 852 647 472 888 418
14 796 462 159 903 309 521 710 492 491 3 690 976 498 948
26 233 393 971 259 946 485 853 234 627 502 565 374 726 417 738 980 740 280 424 177 425 879 889 346 303 213
24 322 107 723 574 595 327 983 644 114 546 786 154 68 612 116 582 194 849 124 604 181 831 26 967
5 190 703 312 681 884
6 681 72 174 386 230 972
24 675 638 501 840 157 904 81 984 893 915 610 662 76 999 99 714 55 511 700 619 159 222 538 709
13 154 912 327 556 524 269 596 116 978 786 983 36 930
9 983 912 719 114 116 604 172 517 623
8 486 62 211 206 480 252 738 819
20 419 41 888 649 338 656 282 355 334 325 488 149 619 831 0 257 929 489 510 828
13 760 742 704 237 51 420 103 952 544 993 955 695 550
12 9 226 636 625 571 843 672 321 195 248 686 80
11 956 967 369 660 633 409 296 908 30 347 976
6 896 456 367 86 283 189
8 841 951 751 956 803 352 576 167
24 586 218 582 172 8 983 784 992 322 723 96 116 68 269 336 403 849 688 36 929 900 633 216 588
17 305 854 306 121 21 286 718 394 418 37 865 54 924 24 859 133 69
4 887 778 547 891
16 787 693 301 342 864 875 674 221 407 735 773 858 520 351 417 992
37 254 939 717 144 712 587 857 146 617 768 977 665 59 759 654 876 193 901 689 633 36 523 227 520 485 819 545 187 581 627 280 407 772 968 8 594 287
32 610 99 157 675 594 984 662 867 913 659 893 999 705 81 107 529 761 612 505 746 217 534 306 890 127 980 280 359 658 543 402 182
33 501 99 913 893 638 765 659 675 76 662 915 594 609 999 81 867 705 947 356 318 74 949 469 20 482 461 540 112 49 520 971 621 619
9 743 512 941 204 744 632 543 0 393
16 8 719 574 327 156 983 269 218 42 582 723 688 107 124 957 332
9 276 15 512 862 564 569 100 393 980
2 275 542
9 307 418 427 232 210 376 54 278 924
30 374 853 233 234 971 946 259 502 627 565 393 485 590 197 20 898 832 992 865 193 286 120 797 566 710 700 888 980 382 633
33 254 857 712 665 587 144 939 717 146 608 768 977 149 894 417 303 179 852 75 576 532 652 24 164 436 588 42 34 520 505 205 523 980
2 965 577
21 929 807 358 0 149 788 488 256 831 923 363 282 878 341 453 722 325 416 334 404 598
24 805 448 500 932 516 481 17 484 548 714 741 221 443 790 640 674 231 374 565 763 789 619 589 546
15 17 741 714 790 35 342 640 868 876 725 467 468 937 787 938
4 19 863 58 212
2 683 624
5 413 530 504 456 703
4 39 185 298 225
15 82 611 245 380 220 766 123 552 569 34 946 30 624 111 825
22 853 502 233 590 971 374 485 946 259 393 234 565 843 309 731 25 256 757 511 472 601 841
20 987 794 643 435 192 726 252 64 892 206 428 78 59 758 957 471 459 102 213 513
4 972 916 580 143
3 926 780 413
8 822 655 512 444 145 611 535 914
12 646 941 699 90 414 162 339 721 512 846 149 510
14 663 603 421 956 815 660 132 776 759 917 730 841 473 180
2 679 954
14 651 288 450 747 18 959 499 67 247 423 54 674 330 886
4 843 761 179 278
13 92 45 141 87 331 219 668 226 5 51 649 539 642
32 913 610 659 840 81 999 594 76 893 705 765 947 904 984 675 99 662 867 531 997 538 971 505 546 543 640 834 551 446 265 740 982
2 669 208
22 932 412 741 620 805 484 263 775 500 785 674 125 377 342 443 35 693 435 603 566 116 688
5 650 782 907 86 432
12 171 349 745 215 889 270 976 492 510 498 903 126
9 225 906 252 211 69 27 758 255 812
16 582 68 546 96 194 596 156 525 583 107 671 437 172 838 510 643
7 837 252 985 906 364 794 728
10 265 90 652 988 547 444 613 856 699 872
5 979 581 801 264 826
20 134 821 870 469 288 357 844 440 94 247 533 470 313 748 35 627 109 257 640 486
17 550 598 248 358 722 807 338 656 257 341 378 416 355 619 404 732 424
6 52 942 253 630 6 284
13 918 247 43 694 31 361 499 874 566 234 140 249 505
7 152 743 109 535 856 769 235
14 803 46 472 483 138 815 678 295 132 691 729 657 642 385
7 600 701 763 636 742 811 209
8 243 808 422 82 319 697 566 833
19 0 756 550 338 341 788 831 649 248 202 732 929 325 733 355 807 284 120 961
11 908 347 825 483 663 998 759 682 101 709 762
47 538 505 656 754 543 930 980 109 961 492 83 878 778 524 753 3 927 304 502 282 590 435 856 402 358 64 216 566 279 280 758 841 702 588 325 798 21 816 409 796 233 616 395 574 454 187 948
33 99 999 356 638 840 76 765 915 610 984 893 81 501 705 594 904 157 947 662 913 17 657 949 490 728 234 127 980 227 627 658 505 599
17 13 473 848 663 46 483 803 539 603 482 715 140 678 421 709 908 961
19 288 292 31 694 953 959 361 895 651 821 533 676 337 682 488 153 823 50 927
24 913 157 840 904 675 81 638 999 893 99 609 705 501 867 76 947 594 915 984 765 68 517 384 232
10 360 330 603 691 841 46 483 657 681 401
5 919 164 782 931 11
34 712 146 608 617 857 587 939 768 977 144 717 254 266 561 722 543 353 539 194 417 980 304 125 374 282 182 495 763 659 373 336 938 280 26
10 809 4 293 391 198 188 48 958 78 267
9 883 611 90 319 229 569 887 627 282
8 103 226 176 331 993 701 51 323
1 98
6 519 952 141 237 997 312
18 348 849 107 556 327 586 604 582 596 163 218 8 96 68 36 719 773 373
12 16 698 763 536 92 324 237 12 32 774 441 424
14 277 491 63 796 828 492 700 349 642 889 462 159 976 710
10 932 263 314 621 714 17 443 937 280 276
29 609 867 99 765 594 904 984 840 81 659 893 610 157 356 705 999 947 501 913 627 438 856 505 21 658 303 980 86 392
13 830 708 313 821 503 439 288 661 361 31 357 578 616
21 181 898 74 197 389 528 509 238 186 779 981 25 897 187 685 927 46 255 160 347 340
18 803 917 421 949 691 799 409 967 633 472 279 101 998 823 184 653 38 120
3 622 884 224
12 781 989 422 148 836 490 318 265 677 528 418 171
4 466 119 56 53
14 529 132 13 30 347 825 917 866 967 101 762 776 841 296
1 965
9 27 562 940 59 287 23 812 666 471
24 199 898 111 509 186 938 25 779 517 970 764 858 767 894 311 187 238 389 722 615 799 207 455 419
2 740 400
4 829 189 239 63
23 784 8 644 218 172 556 524 849 671 612 786 783 96 723 912 114 403 183 156 163 89 302 452
22 805 481 381 314 693 484 868 725 640 932 806 467 359 142 169 263 377 561 468 280 958 182
15 745 575 491 710 424 903 948 385 521 171 498 147 63 976 589
17 759 678 653 866 956 949 967 951 483 823 762 421 352 917 473 442 683
12 490 100 228 82 294 15 822 988 523 823 584 175
18 169 787 548 735 516 468 155 484 775 342 868 125 640 710 597 235 418 604
21 720 469 73 128 337 440 844 357 676 578 31 166 313 870 651 700 266 393 465 107 520
5 536 742 65 670 881
6 563 763 420 798 920 557
12 319 549 411 941 444 145 490 496 727 914 928 105
15 16 222 637 742 654 420 195 39 103 995 299 130 45 226 728
10 422 559 552 880 914 778 808 490 697 485
9 903 385 349 521 85 828 498 277 511
7 797 1 754 106 130 955 459
16 837 127 643 20 78 225 987 726 445 957 255 684 738 216 428 557
7 150 994 504 950 884 164 345
10 797 274 106 141 65 911 695 299 312 180
29 659 904 999 915 99 675 81 157 867 662 913 638 609 76 840 356 594 984 947 566 791 485 663 193 199 309 601 585 532
5 72 487 814 70 926
4 650 6 926 457
17 288 396 470 246 67 328 361 844 128 895 29 635 830 751 814 543 666
12 140 848 633 908 46 799 961 691 529 332 682 352
16 3 575 568 373 690 270 976 700 828 462 424 349 673 745 491 589
4 55 196 553 375
39 587 146 977 144 608 617 857 717 768 939 665 254 669 578 75 346 503 505 713 520 861 627 513 732 0 588 851 16 180 394 233 234 316 220 538 248 311 317 402
7 702 69 597 562 251 289 211
17 806 561 484 301 263 500 468 937 640 35 735 621 377 693 221 300 839
7 799 771 132 30 482 603 777
6 79 179 209 130 106 287
33 712 857 144 768 939 608 254 977 617 665 146 587 197 834 538 109 38 663 182 280 188 115 39 741 373 578 671 928 250 859 82 417 595
10 376 454 21 924 112 963 515 121 886 745
24 96 574 348 849 105 163 786 604 8 42 784 978 586 218 269 437 116 546 992 612 671 149 733 111
14 870 18 434 173 676 821 959 405 94 440 166 51 520 970
10 97 822 84 229 989 816 350 318 988 715
20 649 404 282 257 550 656 831 202 248 453 619 807 923 149 936 756 878 41 338 428
25 671 154 978 107 348 604 116 114 983 8 269 595 336 596 327 556 68 583 105 194 546 783 612 929 815
9 942 907 457 175 935 497 340 362 159
19 125 407 674 500 448 377 484 607 516 790 372 875 548 700 682 42 624 257 8
8 69 216 777 27 192 471 906 4
8 766 736 846 280 879 966 566 231
8 48 23 852 78 713 812 906 513
15 815 13 799 715 352 825 917 759 529 473 998 69 639 304 575
11 295 799 729 30 347 771 823 13 776 815 877
18 3 589 346 511 842 304 373 171 424 976 575 948 309 909 462 690 700 710
19 807 656 831 419 282 378 488 619 416 202 257 878 355 149 649 256 340 663 709
24 656 358 598 325 416 923 649 878 338 936 807 888 732 355 363 508 41 488 378 202 282 341 203 799
10 196 55 451 737 387 975 57 580 540 270
15 412 806 468 937 640 443 35 438 741 155 725 500 372 377 602
11 883 109 778 446 82 800 300 97 280 486 103
2 52 170
11 133 62 777 27 127 225 645 987 837 206 303
2 934 297
6 212 49 14 249 752 935
22 548 725 407 607 932 314 227 448 621 301 674 806 805 468 359 221 640 224 520 711 154 925
6 537 600 789 106 298 333
12 123 558 535 769 265 271 941 862 392 93 149 524
11 236 632 446 856 15 350 613 162 109 54 751
20 346 3 903 700 568 424 498 510 270 462 521 909 642 171 277 796 373 63 976 702
24 25 509 938 858 685 927 311 61 897 528 181 108 898 199 389 111 677 235 74 730 899 305 834 480
10 708 128 830 329 474 67 943 423 450 910
4 86 66 954 231
6 827 618 165 387 249 507
6 993 452 584 331 519 995
13 908 633 46 956 961 879 421 799 967 330 803 69 85
4 934 962 801 171
8 115 822 667 547 818 344 755 736
6 760 45 195 91 177 955
11 319 769 493 258 512 276 430 350 818 773 203
18 788 341 807 41 453 831 929 508 334 878 325 355 404 256 248 722 990 884
11 106 298 570 544 797 366 9 563 71 828 4
10 445 216 819 11 364 211 391 486 102 435
21 138 803 949 296 442 653 347 848 360 730 917 762 825 967 961 332 132 908 660 295 726
7 537 51 195 911 222 185 287
13 176 452 872 268 885 811 408 704 670 237 584 952 177
11 330 601 633 421 998 759 360 956 279 576 990
10 757 195 32 900 79 789 537 823 192 120
24 894 981 235 311 186 779 746 74 517 181 389 108 858 938 897 677 838 898 927 528 685 994 584 358
29 999 638 501 609 157 893 840 594 662 904 947 705 913 610 915 356 76 532 207 150 40 488 894 63 906 992 849 182 520
12 558 632 914 15 552 982 109 744 569 280 825 809
22 838 685 981 897 779 528 517 898 764 199 927 858 410 74 108 25 111 421 304 179 122 776
25 608 146 617 254 717 939 712 977 665 144 857 587 520 43 353 980 566 574 148 356 576 746 182 442 918
12 319 778 808 564 697 414 558 517 234 60 719 333
9 40 307 302 925 859 10 178 990 645
14 917 803 369 660 482 421 715 949 678 332 132 102 278 521
67 75 871 792 74 710 520 41 151 541 853 111 784 966 0 197 374 329 543 856 166 449 658 505 484 790 115 764 234 69 280 510 209 12 767 590 222 358 980 817 471 671 691 10 552 256 149 205 662 946 407 938 534 566 627 529 163 917 749 576 582 628 417 758 88 118 465 26
14 605 865 986 930 217 454 901 305 522 854 232 121 60 112
10 701 760 222 519 299 600 130 698 354 557
10 412 725 263 620 266 155 805 787 561 342
7 815 730 663 751 369 601 961
13 567 957 64 666 987 27 289 534 445 11 809 713 267
10 430 839 736 692 727 743 846 856 490 243
22 74 981 108 199 187 938 898 311 517 897 273 238 970 25 509 677 389 905 878 788 532 575
4 83 973 614 253
8 564 258 260 34 941 161 259 783
0
14 403 546 525 595 983 8 786 574 583 524 723 74 643 159
12 105 163 983 992 183 96 322 612 851 193 951 464
19 875 607 381 689 261 438 484 221 500 621 359 805 561 775 314 971 631 287 336
17 114 723 96 194 156 783 992 784 912 272 269 172 327 36 749 25 373
20 516 314 169 227 316 621 876 741 775 17 407 674 412 864 221 805 604 219 417 311
18 598 355 202 656 888 831 338 378 756 325 282 550 453 936 0 649 416 404
7 5 873 219 299 395 12 730
23 17 316 775 467 448 548 561 620 342 227 359 674 377 806 932 787 443 263 796 566 437 691 445
5 749 131 429 577 899
68 871 75 772 135 244 512 945 197 924 653 517 706 193 382 664 627 41 913 322 15 532 588 317 166 658 181 462 259 505 120 380 199 675 353 661 448 202 498 76 616 347 341 708 78 339 335 125 980 393 840 925 358 501 688 807 385 886 94 369 949 520 182 424 61 842 374 909 12
6 748 814 19 431 934 568
16 428 837 643 62 364 69 513 250 985 293 666 64 940 702 905 20
2 83 129
17 50 85 424 63 304 147 349 309 731 511 948 346 159 455 690 909 903
6 139 560 761 955 222 907
7 570 952 71 563 65 537 833
12 771 296 601 421 295 657 138 529 539 803 46 815
11 265 350 245 989 744 721 839 631 655 941 764
3 117 463 921
3 748 201 480
16 848 421 998 825 956 841 295 473 908 601 46 360 332 330 529 958
3 70 664 167
14 561 342 125 155 438 443 169 868 266 213 728 732 403 505
21 377 142 714 620 17 875 735 443 301 438 484 640 775 381 520 192 193 197 544 341 518
17 325 453 355 341 257 878 338 248 649 756 936 929 419 788 416 722 436
4 380 90 115 839
13 206 666 958 445 267 812 905 4 794 27 486 628 957
3 129 212 555
8 321 774 560 141 408 219 698 184
10 726 69 127 293 471 27 557 713 102 738
7 220 559 344 781 265 808 233
3 367 749 165
13 998 482 472 279 140 908 633 678 409 295 352 330 948
4 941 552 716 566
10 265 552 380 626 271 736 243 425 333 119
7 300 526 422 380 744 547 502
12 557 809 758 126 23 684 837 250 899 255 225 567
6 703 921 669 847 476 58
15 247 423 470 329 968 533 151 94 33 134 166 858 658 34 461
15 380 564 880 680 697 90 294 535 446 318 558 392 549 234 543
10 473 660 279 421 360 576 30 709 961 101
13 886 515 158 306 210 930 60 924 291 990 986 925 368
11 799 691 841 663 848 815 823 961 46 252 40
3 907 962 506
3 362 458 189
17 215 710 159 346 796 270 424 491 976 171 948 309 373 277 147 3 85
1 431
17 33 288 648 31 918 166 870 747 423 499 67 440 635 990 971 453 775
23 807 722 419 363 149 248 888 929 416 341 619 756 282 733 41 325 488 936 358 656 378 550 837
5 466 326 375 28 345
5 386 214 877 497 518
22 351 966 566 588 402 532 207 425 353 890 205 851 193 212 165 494 213 6 738 373 24 710
6 810 748 669 850 782 212
13 123 800 414 613 161 547 162 392 34 300 626 280 767
10 666 188 133 758 643 459 250 812 428 471
20 238 108 61 74 898 410 894 927 897 746 389 779 25 197 187 767 509 262 72 373
5 411 755 490 862 788
30 867 99 356 157 76 999 610 765 659 915 675 594 893 501 662 904 705 984 609 346 147 733 653 335 591 872 485 274 182 870
16 13 296 803 866 815 823 759 682 472 279 576 663 917 330 909 20
18 491 304 710 690 309 455 284 903 700 462 349 510 511 159 85 277 948 589
8 696 637 384 997 519 877 498 461
15 953 31 337 439 166 676 151 708 18 635 578 223 450 175 658
10 704 716 811 103 654 91 672 618 603 690
8 236 778 496 260 15 392 982 958
4 28 401 979 55
8 866 633 967 759 663 101 969 791
22 978 574 36 194 42 983 154 784 218 116 107 524 348 582 105 644 596 586 783 54 273 111
2 724 188
21 207 890 566 205 532 193 425 353 588 834 402 966 351 278 905 210 419 121 986 733 488
12 557 293 684 777 794 216 809 471 534 957 192 11
22 946 259 616 233 374 485 971 590 393 502 234 627 565 85 198 20 624 472 341 302 669 978
14 21 26 307 376 40 925 24 449 291 305 523 302 60 859
2 861 119
7 552 989 743 941 204 988 291
36 977 665 254 717 617 146 587 939 712 608 144 768 588 520 565 217 676 678 239 846 52 393 523 966 904 538 163 41 81 182 335 417 468 88 428 543
22 238 187 779 767 746 927 764 111 528 389 186 410 898 897 677 894 61 685 509 395 801 532
15 454 10 515 26 990 121 986 112 305 865 40 522 523 418 465
2 921 919
2 310 506
7 161 941 822 496 965 563 116
2 827 737
19 689 693 674 875 725 467 155 516 876 125 932 548 35 301 735 417 182 505 925
14 60 523 522 10 210 217 605 859 121 307 930 388 376 158
11 678 352 601 442 30 823 825 360 730 296 346
22 659 157 356 675 594 913 999 501 915 893 765 705 984 156 73 627 193 216 349 417 582 374
14 468 621 607 155 381 689 805 481 88 316 311 85 353 505
1 72
22 328 317 246 396 503 708 499 94 477 533 953 290 450 918 73 578 357 676 589 338 733 923
64 792 75 772 291 658 966 182 426 851 359 520 417 353 207 538 920 961 715 578 273 181 279 825 971 187 505 337 402 280 638 288 899 596 846 532 598 906 766 331 616 878 678 131 485 459 947 70 696 398 78 604 729 948 126 314 915 301 316 43 455 603 205 76 393
12 519 2 545 704 366 742 39 952 881 845 997 480
8 991 22 797 843 153 464 750 903
15 578 651 918 959 821 247 405 440 968 147 849 390 520 238 280
7 607 448 864 621 548 155 853
18 806 412 17 875 314 735 607 484 785 372 467 725 674 561 807 182 293 459
5 847 371 902 739 832
15 257 355 41 929 598 363 416 732 149 656 936 649 508 378 930
13 682 956 799 660 815 184 421 140 138 759 823 388 690
8 846 646 490 769 82 417 32 563
10 704 333 39 87 433 537 222 195 47 282
9 899 211 126 11 728 958 567 102 62
13 569 344 769 606 781 300 339 242 229 632 945 685 843
4 167 827 383 72
7 106 789 873 960 45 479 324
15 418 21 773 302 37 286 278 522 180 427 925 859 605 26 20
9 652 135 569 564 294 162 727 271 61
21 488 149 733 363 338 325 41 807 202 929 358 334 722 656 404 732 965 379 575 308 26
11 842 120 521 309 673 3 796 63 731 511 424
21 425 402 566 834 966 588 207 851 532 353 193 351 801 399 601 951 592 967 335 889 562
1 801
15 206 628 27 906 597 287 267 809 777 557 192 480 837 471 513
28 594 99 867 76 81 840 157 675 662 999 765 904 610 638 705 915 659 501 356 913 479 304 105 366 288 287 951 313
20 897 111 273 764 767 528 981 970 898 74 235 181 677 197 509 517 12 69 282 86
12 661 166 440 503 434 694 830 250 126 900 41 898
5 249 200 401 476 827
23 528 25 74 779 858 311 764 517 61 838 199 187 509 981 108 898 389 927 677 186 120 308 335
21 509 273 187 746 238 981 779 838 677 25 74 858 61 410 186 528 311 897 352 418 963
11 567 102 645 486 726 459 62 957 303 126 597
8 333 872 153 757 168 700 353 399
12 963 376 379 990 354 278 515 986 854 388 734 62
2 647 174
11 171 346 642 270 120 568 521 889 455 492 215
35 984 867 594 893 356 913 157 638 609 947 915 81 76 840 999 99 662 705 659 761 234 723 417 488 89 566 385 278 448 469 651 331 71 402 980
9 513 562 957 11 987 837 684 702 819
10 794 899 534 852 27 892 628 69 251 445
1 910
10 421 660 657 663 776 330 917 347 601 409
19 903 304 373 270 455 745 642 511 120 690 284 309 498 889 346 731 568 575 562
4 208 896 320 95
14 139 5 991 760 701 441 130 920 670 222 636 789 195 190
15 272 582 783 269 183 36 525 218 163 8 688 154 89 96 916
29 356 76 867 157 638 840 705 904 662 594 999 659 675 610 99 947 984 597 897 123 309 543 658 60 558 419 351 556 268
8 753 846 573 613 781 341 729 732
33 867 610 984 157 609 765 81 999 501 638 356 76 705 662 840 893 659 947 675 402 752 603 42 62 908 590 520 100 153 710 381 565 505
5 55 802 504 855 343
8 482 715 483 709 908 184 442 424
7 423 434 329 499 313 578 543
4 855 748 326 950
11 390 636 536 299 168 599 761 742 670 1 750
8 740 56 310 367 795 160 429 810
5 994 413 926 618 401
22 202 936 488 888 248 598 619 732 807 404 363 878 41 656 831 334 256 27 682 138 461 121
13 515 21 54 986 376 37 368 305 990 974 335 718 523
11 37 368 824 158 854 10 210 217 60 605 728
5 801 466 129 802 283
15 389 186 981 677 410 235 764 311 197 746 938 238 598 851 175
2 117 436
21 788 888 488 419 508 807 256 338 878 756 619 355 453 325 378 341 550 732 248 119 19
19 60 158 824 368 579 963 37 354 24 925 974 865 178 40 523 986 859 557 127
1 264
17 741 693 261 876 875 806 342 314 937 359 714 607 372 620 481 446 182
6 507 681 687 14 241 56
4 432 585 518 287
8 639 117 934 669 383 340 432 593
19 649 788 0 149 341 888 358 256 41 419 338 619 508 550 929 722 416 598 14
16 868 787 359 864 481 693 875 263 484 142 227 876 769 538 389 40
28 517 410 764 273 235 509 838 927 767 677 898 111 108 197 897 389 186 311 858 746 61 894 779 528 199 742 773 738
40 146 608 712 717 977 768 254 587 665 857 617 144 945 898 853 792 547 656 520 294 815 219 85 182 565 772 834 508 636 75 495 516 311 171 416 871 151 505 805 662
11 819 303 198 645 812 957 666 213 126 794 4
8 526 245 680 613 646 744 655 280
7 275 748 832 669 504 827 852
12 134 423 469 29 474 18 708 288 895 477 658 90
5 371 962 285 98 641
5 535 265 653 897 13
33 374 853 616 234 590 259 233 971 502 485 393 565 627 513 130 745 417 562 197 517 286 41 56 402 373 1 983 280 788 108 184 449 898
23 638 904 915 609 81 99 76 765 662 610 659 999 594 501 867 913 893 341 484 588 272 998 508
24 462 909 700 346 796 673 511 568 270 455 277 976 903 492 745 842 521 710 491 147 309 828 642 889
12 601 138 951 709 729 691 815 483 295 967 140 523
7 814 475 647 95 201 241 455
15 729 421 296 815 576 539 917 369 663 132 603 101 482 279 602
9 240 843 599 536 757 222 91 60 702
16 648 43 470 128 405 469 578 747 94 661 346 884 280 359 657 866
7 460 829 907 650 55 826 253
7 571 698 12 268 845 222 544
14 823 330 279 442 715 473 709 140 421 332 879 601 951 296
10 188 819 216 198 562 251 428 225 252 666
11 4 198 738 957 211 126 684 985 794 486 252
14 357 747 708 329 173 223 720 477 292 433 123 621 40 409
4 464 153 219 335
13 823 771 730 848 803 332 866 483 691 682 473 140 865
4 458 795 518 855
13 368 522 158 901 394 37 60 217 427 718 376 210 335
6 910 239 711 86 855 860
2 383 942
18 588 351 205 207 402 834 532 566 193 353 851 890 425 976 657 310 483 745
13 539 472 657 13 633 482 360 848 815 759 729 483 581
19 533 578 477 292 134 635 439 943 470 720 43 648 830 317 658 528 179 4 714
2 686 835
22 764 273 111 74 187 311 779 199 108 509 517 938 898 238 981 894 746 282 92 575 896 995
26 233 259 946 234 627 485 590 393 853 565 616 374 502 289 570 567 601 980 388 137 205 756 13 684 525 891
3 164 641 842
3 669 829 551
9 865 930 515 394 21 306 770 523 217
2 748 451
19 304 284 159 492 50 498 903 731 3 38 510 491 909 309 673 889 690 700 948
45 717 712 254 146 144 665 857 939 608 768 587 617 234 772 355 54 402 96 262 505 999 311 652 616 41 695 284 945 538 624 124 532 286 267 534 233 808 723 37 851 75 674 792 419 961
12 437 644 124 68 591 983 272 403 517 731 25 814
8 19 555 884 869 275 244 131 371
47 280 417 543 25 368 649 566 687 3 754 604 779 615 1 72 170 307 668 285 62 22 859 74 851 235 68 719 40 282 528 424 517 723 841 353 130 180 21 824 777 823 168 525 831 523 172 550
22 970 677 767 311 273 186 685 858 898 410 238 517 927 897 181 199 389 838 492 250 722 353
7 145 109 667 162 82 351 419
12 8 36 163 786 525 194 849 596 644 978 219 257
32 501 356 867 609 840 662 157 81 594 947 675 638 904 915 659 765 610 99 913 667 775 351 335 685 896 834 620 543 437 937 740 779
6 728 557 486 364 133 59
14 335 40 427 305 770 522 718 54 974 121 368 886 579 394
6 192 64 391 252 758 251
9 697 15 34 109 781 535 786 767 566
11 744 652 90 430 115 697 836 365 839 988 103
12 37 974 307 112 930 605 963 232 178 394 770 976
7 45 331 71 106 420 205 402
13 556 437 983 272 336 89 546 596 525 719 23 341 917
7 9 911 960 65 750 366 654
4 793 371 835 802
7 960 757 560 333 993 130 21
10 71 789 763 324 479 670 39 519 761 353
5 798 625 996 754 885
11 751 956 360 352 961 409 660 762 132 369 924
30 501 984 610 594 867 356 662 99 904 157 609 947 659 675 893 913 840 735 43 520 182 539 112 425 277 474 824 455 615 122