100
6 17 57 40 79 68 38
7 90 38 26 55 20 48 18
5 98 75 41 25 82
1 4
8 27 19 89 72 18 67 30 54
3 64 66 63
6 53 94 69 61 27 54
6 1 84 55 35 65 51
3 66 68 41
5 61 18 34 27 88
6 22 82 98 96 2 25
7 83 80 92 62 10 53 96
8 60 42 0 40 61 28 75 76
14 32 16 11 94 53 70 89 51 80 79 75 4 48 69
4 56 58 10 70
3 46 86 76
15 13 32 94 70 10 42 96 91 69 2 92 7 51 53 62
4 49 40 0 51
6 72 88 4 67 19 34
7 34 9 27 72 23 30 61
2 1 35
7 68 74 93 66 57 91 6
4 75 2 44 67
3 89 19 88
8 1 84 39 56 37 7 81 38
5 59 44 22 2 10
3 1 85 34
7 67 54 34 61 4 31 30
13 48 80 82 31 92 19 72 53 6 10 62 61 41
9 76 90 99 58 33 14 46 55 62
4 23 88 34 31
5 23 9 34 89 18
16 13 16 95 69 92 44 71 51 28 59 61 12 66 2 90 64
2 65 86
7 31 4 72 23 19 9 61
3 76 90 88
6 74 45 71 43 10 26
5 26 90 46 14 23
4 78 20 37 11
1 14
4 97 3 80 62
4 82 75 44 59
5 12 5 43 70 88
7 5 17 87 12 91 48 69
9 41 10 2 22 96 98 75 82 25
4 71 77 69 48
3 58 7 85
3 46 15 29
9 28 22 89 69 11 25 62 53 59
5 12 42 40 93 70
28 94 11 23 28 75 80 13 6 64 95 96 32 71 91 66 51 97 22 56 44 58 83 54 72 69 34 48 82
10 70 69 4 62 61 28 6 92 48 75
4 56 78 96 51
5 94 69 6 25 41
4 9 19 88 61
3 65 85 38
3 33 20 82
5 64 3 79 17 68
3 47 35 28
8 22 98 96 82 25 41 44 54
7 36 74 40 71 70 83 67
3 34 88 30
8 80 11 83 92 96 23 61 25
9 93 0 73 97 43 77 8 28 69
6 0 17 42 93 58 80
6 99 20 81 95 58 86
1 73
6 31 72 19 30 61 34
3 91 25 83
4 53 94 6 75
9 51 94 31 62 72 28 6 48 83
3 8 74 64
8 89 18 27 30 54 19 31 34
4 0 91 45 18
3 57 87 37
8 22 44 59 96 2 98 82 10
4 95 99 52 90
5 64 12 66 8 48
3 55 85 92
4 77 97 43 74
11 62 83 92 11 88 6 82 72 18 94 75
11 7 56 86 46 14 90 39 1 15 51 48
9 96 75 25 44 2 41 22 10 9
6 80 11 92 62 25 69
3 33 76 28
4 78 20 52 37
3 37 39 28
7 3 40 57 63 36 51 41
5 18 23 89 34 31
7 23 54 19 67 4 34 27
8 52 99 37 81 58 78 70 51
6 64 36 87 28 53 11
11 11 83 62 80 23 88 6 69 44 19 18
3 45 79 2
5 53 69 6 23 54
7 81 99 78 65 1 76 96
9 59 75 25 41 10 44 22 98 67
6 79 8 71 36 73 83
6 44 59 41 96 2 82
5 38 35 56 26 1