1000
1 369
2 102 100
2 484 96
2 722 520
0
1 44
3 361 968 719
6 903 448 174 484 619 893
0
4 836 4 912 802
0
0
4 819 720 401 884
4 873 4 676 684
1 352
0
3 330 76 701
0
4 692 801 391 242
1 760
3 817 286 567
1 854
2 976 705
1 29
0
3 543 925 100
3 15 661 318
3 67 795 722
9 22 593 149 106 511 266 705 390 386
1 222
5 839 314 814 245 870
0
0
3 0 410 257
1 5
2 597 940
0
5 706 928 153 806 169
0
0
1 289
1 747
5 747 793 311 440 564
0
0
1 801
5 127 369 195 637 449
1 632
4 651 532 257 444
0
3 926 919 512
1 559
1 986
2 291 760
0
0
1 739
0
1 326
2 135 115
1 993
2 614 918
3 858 608 350
3 10 368 587
2 628 814
2 404 848
0
3 543 174 882
2 764 806
3 462 229 747
4 659 378 345 123
3 192 433 540
2 23 880
2 622 334
5 306 781 757 914 681
3 511 93 480
3 915 827 419
0
3 24 400 435
3 691 559 275
1 913
1 848
3 421 984 70
0
3 371 501 34
2 337 562
0
4 370 905 209 162
0
2 451 823
2 977 504
0
1 463
2 375 385
4 968 938 49 404
1 752
1 628
2 138 716
0
1 185
0
7 514 65 127 608 830 466 494
0
1 716
3 11 591 185
2 822 772
4 95 504 365 174
4 144 942 251 871
2 116 195
0
6 988 840 310 142 789 263
0
2 527 52
7 961 808 394 254 582 661 717
0
0
0
2 671 369
0
2 942 180
5 0 202 573 91 482
2 591 922
0
0
5 788 590 149 928 797
1 90
1 410
0
2 581 67
3 138 158 653
1 105
2 771 733
2 148 395
1 653
1 192
0
0
3 392 502 762
0
4 411 60 78 75
3 478 231 107
7 171 486 593 989 328 344 681
0
3 94 355 169
1 272
4 407 387 332 482
2 226 963
2 603 387
0
1 363
0
4 767 567 999 329
2 635 603
1 593
1 344
1 138
3 745 929 677
2 10 233
0
0
3 529 358 203
4 639 926 13 356
2 897 507
0
1 31
3 396 820 513
2 609 797
1 384
1 629
2 629 675
3 615 29 595
4 847 422 228 923
5 841 974 407 891 722
2 676 268
0
1 747
6 468 945 253 260 944 622
2 845 395
4 81 520 356 871
6 195 280 565 348 595 543
1 63
3 216 814 890
1 988
1 913
1 436
0
6 26 192 304 221 947 261
1 854
1 210
2 983 972
5 292 344 640 698 478
3 813 721 833
0
5 657 345 832 727 39
2 675 962
0
0
2 826 642
3 744 731 976
4 509 5 111 380
0
4 127 660 520 985
0
2 965 93
3 726 741 745
3 27 562 49
0
5 305 188 909 903 833
5 205 252 922 189 848
0
1 969
4 545 247 396 750
3 542 448 119
0
1 123
3 693 116 701
1 306
0
4 559 363 919 795
3 625 962 614
2 668 202
2 342 127
0
1 345
2 722 999
1 159
1 4
2 571 641
0
1 369
0
1 376
0
0
0
1 262
0
6 310 666 93 830 893 591
2 315 451
4 508 354 873 163
0
3 451 927 57
5 142 31 836 595 255
0
0
0
6 33 914 172 887 111 562
2 249 628
0
0
0
0
0
2 149 213
3 871 855 60
3 266 314 344
3 635 296 487
1 88
1 155
1 248
2 74 307
1 781
0
1 229
6 802 229 455 544 471 47
2 294 994
0
4 424 759 884 658
2 565 200
1 142
2 474 214
0
0
1 244
4 245 898 552 22
3 627 426 309
7 579 646 705 318 815 159 881
2 374 529
2 35 868
5 219 739 88 967 413
0
4 229 786 898 19
2 22 195
3 756 342 584
1 221
3 985 347 527
1 449
4 825 619 662 431
1 893
1 501
3 105 231 254
1 971
3 174 80 835
2 333 615
1 280
4 552 209 5 741
1 693
1 997
2 340 22
0
3 625 387 786
1 0
2 765 854
4 410 327 336 811
0
0
0
2 69 356
1 259
0
4 203 974 603 847
0
4 520 425 451 850
1 606
2 364 19
4 90 885 239 690
3 606 350 322
3 533 826 609
0
4 394 15 43 672
2 643 755
1 352
0
2 28 309
1 11
0
1 355
3 524 304 331
3 229 136 952
0
7 908 152 551 20 456 478 715
0
3 693 938 922
0
0
1 858
1 622
3 764 47 67
0
7 571 513 945 377 168 657 374
0
1 513
1 759
3 268 168 212
0
0
3 253 197 223
4 40 567 613 214
1 946
1 504
0
2 516 146
3 44 693 365
7 904 479 704 843 845 784 217
1 272
1 234
1 229
2 811 109
2 465 701
2 964 836
2 781 225
6 731 392 982 344 609 552
0
1 249
1 509
2 67 248
0
7 62 224 951 459 369 744 354
0
1 306
4 801 908 203 778
2 760 45
5 182 298 782 673 818
2 294 100
2 972 624
2 841 329
1 868
2 213 342
1 509
0
2 386 838
5 449 905 198 384 513
0
5 867 90 320 623 600
3 174 195 90
1 49
1 988
4 781 484 627 552
0
2 114 744
0
2 543 586
0
3 284 803 144
2 309 251
1 790
2 452 693
2 492 91
2 715 709
1 598
0
1 216
2 543 456
4 824 470 981 673
0
2 811 818
3 34 814 858
2 217 786
3 184 836 15
0
2 365 838
5 475 173 245 712 69
4 501 41 934 40
3 862 212 802
3 838 757 427
3 895 798 389
0
2 913 44
1 10
0
6 234 11 885 226 24 455
1 44
1 138
1 99
3 39 777 155
2 63 586
0
3 918 873 742
0
2 563 10
3 545 493 929
3 332 597 789
3 988 615 13
0
2 218 417
3 380 515 614
0
2 795 658
0
5 945 450 787 150 109
3 849 164 606
3 338 759 224
3 245 643 244
1 177
0
3 703 868 838
2 234 639
3 916 958 613
2 747 991
1 261
0
1 924
1 600
3 362 915 357
1 57
1 693
0
1 818
3 695 155 167
0
0
2 509 587
1 259
3 89 506 975
4 870 915 689 597
2 98 380
1 968
4 772 196 771 276
0
0
5 994 415 144 860 811
1 598
5 948 249 908 708 744
6 34 114 276 665 123 116
5 216 466 276 802 408
0
0
3 601 37 581
0
0
1 722
1 520
0
2 454 584
1 859
3 709 905 714
1 155
2 419 822
6 377 821 296 644 719 240
2 229 142
2 530 592
1 357
3 39 825 182
3 380 192 240
2 925 677
4 567 500 971 257
3 206 251 826
0
2 849 558
0
4 646 757 142 394
0
5 597 223 419 421 325
2 942 44
0
3 448 991 63
2 364 108
0
1 402
1 306
2 97 99
1 306
2 801 614
1 337
2 376 388
3 747 454 622
0
1 47
4 665 263 986 501
2 163 648
0
4 61 409 858 390
1 352
1 486
0
0
3 29 427 744
1 369
4 322 169 926 999
2 679 661
1 668
3 418 434 966
4 78 640 994 86
1 657
1 516
2 67 868
3 697 930 628
1 930
1 745
4 371 681 922 468
0
3 659 613 631
0
0
3 570 868 192
3 703 625 720
6 970 816 815 425 532 891
2 781 61
7 238 195 407 989 563 224 262
1 516
1 91
2 26 349
1 329
1 971
5 755 336 976 689 129
7 429 55 489 348 512 776 530
2 437 280
3 135 183 675
1 259
1 968
1 402
0
0
4 974 628 100 465
2 979 484
0
3 653 255 993
1 752
2 818 469
1 217
0
4 768 234 34 968
5 500 416 369 228 30
1 693
2 459 354
1 961
0
2 157 884
0
0
4 67 655 810 135
2 345 451
4 574 871 614 507
4 524 747 914 39
0
3 564 903 424
0
0
3 228 570 451
4 354 824 181 66
1 20
2 235 631
2 200 401
0
1 200
0
0
1 149
2 24 486
3 893 430 598
0
2 495 247
4 147 608 257 690
0
1 994
5 75 927 306 553 499
0
6 440 994 58 981 945 42
2 322 693
1 538
3 327 757 544
2 645 969
2 304 215
2 306 697
2 365 451
2 510 569
5 810 232 0 503 67
2 671 41
0
5 142 369 349 963 36
4 218 203 590 760
5 303 167 604 205 225
1 390
3 69 392 289
5 839 135 986 562 455
3 200 482 800
0
2 108 164
1 451
2 595 31
1 99
1 444
0
2 763 28
5 272 757 197 13 929
2 155 622
0
2 983 807
1 132
4 47 938 327 369
0
3 349 212 535
1 322
2 475 100
0
0
0
5 874 397 588 991 15
0
5 770 84 760 988 944
2 975 919
3 392 463 424
0
0
4 558 338 402 715
2 704 787
1 991
0
1 993
2 814 409
1 961
0
2 577 381
3 915 706 509
1 29
4 450 804 401 258
2 327 102
5 116 298 429 554 921
3 923 240 935
1 701
6 65 518 495 169 409 977
3 773 364 714
1 459
4 821 499 549 519
2 307 163
1 99
1 460
3 834 457 739
4 392 311 289 175
0
1 131
1 54
4 262 340 194 88
2 179 824
0
4 888 104 773 540
4 995 52 431 174
6 812 22 106 491 234 645
3 707 499 292
3 693 759 565
2 863 909
1 722
2 693 919
0
3 282 595 695
3 0 307 527
2 289 60
5 247 299 858 909 297
2 385 152
6 517 251 619 806 482 800
2 473 37
0
2 344 24
0
0
1 722
4 658 598 778 573
5 766 956 909 58 571
6 104 401 722 830 498 912
2 38 990
3 928 122 348
4 386 977 605 254
1 538
4 207 204 454 532
0
2 819 382
0
3 965 598 209
3 862 981 817
0
0
5 379 571 331 407 907
0
4 889 517 188 963
6 354 704 434 604 436 25
3 356 354 968
1 386
6 916 961 871 909 130 38
0
3 288 747 587
6 900 553 379 39 269 813
1 838
2 858 511
0
6 200 713 977 228 139 666
2 27 253
2 218 264
0
4 323 26 273 93
1 993
6 680 638 140 890 819 998
3 252 174 15
1 311
3 284 778 31
0
0
3 21 836 157
0
3 681 392 723
2 584 873
2 148 459
2 300 833
0
1 728
3 174 974 881
4 60 456 648 565
0
3 979 29 54
5 735 1 169 344 525
0
1 645
5 509 333 531 917 489
2 593 595
2 409 520
1 138
2 144 801
1 626
0
3 986 15 0
2 509 215
6 482 714 438 355 282 769
1 752
0
3 822 44 118
1 405
5 239 384 680 183 914
0
2 800 460
3 704 593 365
1 291
2 610 422
0
1 660
1 946
3 276 222 745
3 908 673 546
4 426 460 257 365
2 745 363
4 297 538 672 478
6 952 45 107 114 69 566
0
7 100 300 60 444 906 983 389
5 305 19 273 152 655
4 786 926 229 550
3 193 297 696
2 849 811
5 382 307 159 598 392
2 275 978
0
2 375 396
0
0
3 354 163 105
2 990 677
2 371 421
3 778 447 908
1 440
3 386 702 382
2 552 349
8 3 232 735 883 102 307 441 676
3 327 133 8
1 684
1 11
4 296 533 990 306
0
2 100 515
2 459 811
0
2 102 882
2 787 918
0
5 5 254 759 993 988
0
2 438 869
2 945 819
2 99 426
0
2 114 200
4 787 440 20 173
0
2 503 155
3 742 757 869
1 927
0
2 131 593
1 542
5 655 820 251 550 155
6 495 19 845 106 583 356
1 460
3 11 684 868
6 529 4 852 136 109 245
0
0
1 88
1 691
1 19
2 913 311
0
3 324 910 49
1 11
1 653
4 120 150 760 654
3 504 311 11
2 762 123
1 660
4 272 365 280 838
2 748 124
4 744 19 859 664
0
2 251 489
1 540
4 510 519 396 693
1 38
2 767 495
1 455
1 486
2 288 806
3 155 172 63
0
1 850
1 661
2 790 679
3 414 35 662
0
2 395 862
4 279 664 531 252
7 530 822 622 675 991 846 660
0
3 771 55 509
6 983 962 807 885 391 180
4 522 280 613 647
2 333 917
0
2 915 375
2 97 329
3 763 200 88
3 847 271 766
6 203 226 109 215 83 884
5 922 52 395 783 410
4 254 240 914 977
1 915
1 795
0
1 646
0
2 60 519
0
5 684 532 771 21 668
3 904 508 567
5 114 543 981 304 375
6 392 893 359 680 969 181
0
3 400 136 633
7 368 142 850 88 586 760 742
2 216 492
1 480
1 207
1 303
4 387 185 218 882
5 41 379 313 280 424
1 615
2 658 299
1 993
1 4
2 355 331
1 606
2 912 388
0
1 349
1 752
3 632 13 34
3 947 494 553
0
0
1 229
3 377 378 417
2 422 119
0
3 292 94 314
3 657 782 217
3 252 501 60
2 765 891
5 78 243 728 835 588
2 577 659
2 896 598
1 419
3 837 271 35
6 107 11 14 91 893 519
2 376 435
5 902 399 8 199 974
2 675 982
1 471
1 790
2 417 88
1 166
0
0
1 52
1 838
4 754 488 938 974
3 983 231 451
1 424
5 853 356 475 573 977
2 810 812
1 882
7 485 297 406 916 781 210 507
2 168 732
2 488 508
3 877 895 449
1 839
1 600
0
3 576 874 426
1 644
2 661 60
1 606
5 271 568 704 364 716
1 965
0
0
2 881 182
1 584
1 248
5 56 813 483 234 658
2 257 661
0
0
0
4 380 334 983 426
2 105 235
0
4 325 570 304 839
0
2 901 52
1 291
5 193 352 908 983 155
2 480 492
1 913
0
0
1 716
1 504
0
0
2 107 739
2 863 857
3 736 902 757
0
2 67 822
4 421 733 979 940